-8.049356850697446, -0.620752668022551, -6.827593975896363, 2.57691857534189, 1.1670305813964335, -4.858716290400742, 1.0143378137385513, -5.360923562067359, 4.17856991196895, 7.646639738080278, -2.0103967681118102, 6.437522920585552, -4.388922634949881, 13.091882264500908, -0.023381568501151587, 0.269813725488492
-0.23006626088761817, 0.17119933970193346, -0.5234902619795658, -0.15738572350747665, 0.24007552936257423, -0.4950344209126671, 0.466869074998787, -0.6030455169677016, 0.016046614442170225, 1.2523775887879005, -0.7966919380958883, 0.46136811736607075, -0.7938618008992322, -1.272494078873406, -0.7536448143042138, -2.830436515699142
-0.28101535303271835, -0.032502589258231004, -0.3100520294044287, -0.24916993026577763, -0.645229314548725, -0.329758000482051, -0.20271531038452234, -0.36149039327146026, 0.20568078199988282, 0.9573790590118018, -0.28249300786197157, 0.22063978687716404, -0.7257265160723838, -1.9106885287518947, -0.8362227531351898, -2.043148692313681
-0.5867307427434706, 0.35768635612007593, -0.3101345972280229, 0.32374300754137597, -1.0759718944026357, -0.5003931594595118, -0.0898422381288629, -0.4149879436293817, -0.12818341446332143, 0.47508869943535215, 0.5224222693350459, 0.09644059815488411, -0.11331656625003031, -0.08743082815656968, -0.01370813005860366, -1.849400630448167
-1.2044383975810289, -0.05527182377279299, -0.532123702106959, 0.31752230136585397, -0.9215653210699473, -0.4670995336761971, -0.048983673265336425, -0.47039026053368077, -0.3626271272170883, 0.049055456757894245, 0.8423758007109845, 0.020170346022301326, 0.7827767174284803, 1.357694716966163, 0.12023715002166856, -1.19753717377996
-1.6217638486210484, -0.18603692621264106, -0.3736999683729192, -0.5627610269744663, -0.678251593244169, -0.3294328889428139, -0.4954391697545968, -0.4305448717650129, 0.23241072621570663, -0.2271731646239298, -1.2931469821917922, 0.1688681449651009, 1.2736047161052964, -0.030340024309538634, -0.6500716594393611, -1.202237972449661
-1.2211532107242749, -0.05109493502693339, -0.22013933172785874, -0.020652519126522703, -0.6514579177127672, -0.456457940711341, -0.6352976558150624, -0.4393299181977301, -0.08743646001449938, -0.7084928602571124, -0.7519819829404807, 0.029722604294784224, 2.153428515639495, 0.7376029508259885, 0.2885636843286619, -0.338546247931156
-1.1927866794921098, 0.042580669535435725, -0.3277199529073514, -0.11615134978363492, -0.02519785929144527, -0.5652716293536293, -0.36184959528873895, -0.6490284364879274, -0.05361263009604742, -0.6174194973449983, -0.8418567593652213, 0.23962602090768656, 2.301445513420562, 1.7035458068416458, 0.6077674035761265, 1.144749899642658
-1.6687080580107865, 0.288279746649991, -0.3370484788678353, 0.289313319187041, 0.40568348634767665, -0.3885314924613286, 0.024017232369398803, -0.6201111859597648, -0.37645501839665063, 0.042437275025559225, -0.26677469112388974, 0.08329008478822543, 1.403166332211653, 3.6883351151861063, 1.3299822448875396, 2.313838825294110
0.9359631231303939, -0.06860300370598717, -0.4015613464230012, 0.23956513655118636, -0.70105492309006, -0.5230046549853546, -0.4792233059954864, -0.42256250053355565, -0.15220581225232419, 1.589275605252681, 1.327839688145682, 0.5088613904660371, -0.5044488239817654, -0.8897551391086477, -0.4592761297346891, -1.263966270431450
0.7154570685767029, 0.0412829324065146, -0.3065812272743607, 0.19862173889338153, -1.231416530456643, -0.490715672149745, -0.39836727519700765, -0.3867741261933435, 0.12978584096242557, 1.156621754866157, 0.5983423577060741, 0.24559613903490576, -0.3777686124003184, -1.5625174119404912, -0.46052767557799396, -2.219733364958812
-0.049494024531314844, 0.049794536452766, -0.3216084889195525, -0.47000375163018704, -0.569812545325531, -0.34477915261068537, -0.0415737639190474, -0.4279843257649767, 0.22556776919659524, 0.8253682596428366, -1.2082524447345926, 0.2260920028273393, -0.12237970922437014, -1.865920643128918, -1.068303355245555, -1.562164116829990
-0.8914463289484846, 0.03917545399589794, -0.23179704429179246, -0.13705861598764893, -0.6076846214176898, -0.4157454938151224, 0.1177081389813497, -0.3195917323546829, -0.06399228887634507, 0.4388907532951229, -0.6506864162540584, 0.21614838907126888, 0.5239731284840453, -0.08517346839701964, -0.3700575214287297, -0.774662969091641
-1.071659389281423, 0.07372818556105858, -0.16881534847648108, -0.4966943748145618, -0.2512185691444311, -0.2427682713472668, -0.591051626128448, -0.3009426791029427, 0.28714684717520994, -0.12832157434141223, -1.5522711706926997, 0.2218453513350711, 1.0318953123639307, -1.2746410902646776, -0.4480260938295522, -1.36084541298716
-1.085060611698471, -0.19760772767921442, -0.21877686022841747, 0.046635967304497566, -0.569751672088582, -0.38759780386709985, -0.04756213079110329, -0.34540082766968383, -0.08855568965407945, -0.5077014655449447, -0.5015774200895319, 0.05460691853354226, 1.768867668473095, 1.0919576113330074, 0.4124656535361413, -0.2857677617552784
-0.6841842874487333, 0.2770907204682766, -0.30870069232370867, -0.2189226760438285, 0.7873813868833894, -0.3300251776231403, 0.08037834448953743, -0.3651005949276293, -0.04197674875288529, -0.2092726332341561, -0.8546674309131929, 0.30434819210296565, 1.965449749698755, 2.093837218905517, 0.48940228589735496, 0.952199517018375
-1.584953824762445, 0.2718529156940894, -0.1353920125823317, 0.37523140382129716, 0.6536044789170116, -0.411062250249359, -0.1503222831891744, -0.3679607632040919, -0.30740812033002585, 0.2559554363216427, -0.4130844154629941, 0.22056464144108506, 1.449711350132318, 3.152711489902745, 1.5802239157382088, 1.62844100079788
0.6858086876762068, 0.16324541579919624, -0.4254234561354202, 0.23084288110411902, -0.667987990804582, -0.49253978279894367, 0.05576283772166677, -0.41429174063889385, -0.06884785871153716, 1.4772598637146808, 1.16447496294809, 0.34228589484881206, -0.8314209024027943, -1.5602204925061693, -0.4143621780839991, -0.946428024341669
-0.1115077226823757, -0.10643456939746941, -0.39461827931512156, 0.0025520876340013, -0.46344369873301755, -0.5650357086895904, -0.21801262265172516, -0.4561199240388696, 0.034975735732197345, 1.315366264623979, -0.2303732424395855, 0.20171956340317668, -0.7779968221309416, -2.083662346980658, -0.6723836824253078, -1.953249459264915
-0.515225531275352, 0.1364188604511926, -0.38740428003947003, -0.28201668837374233, -0.22060591182161335, -0.5358441760948215, 0.25110456501148654, -0.398627319089613, 0.15376071520303536, 0.9966572941309532, -1.1496732485742138, 0.1022279042113268, -0.29567855571733875, -1.9285526398602102, -0.9634052994668211, -1.553869814204701
-1.2785180099447397, -0.01469203623980028, -0.37295246650699354, 0.17342754962232068, -0.44662013678372176, -0.3200196041225652, 0.6545371162906879, -0.35782076786207867, -0.27669990320676724, 0.4748333757472414, -0.3874559829711566, 0.2294925057395643, 0.6938936062640596, -0.2468327826314723, -0.20040123382634953, -1.049008329026077
-1.4038578690773387, 0.1875668025358371, -0.2393573375434434, -0.5353961259291884, -0.6518640281510073, -0.3201461395307772, 0.4636892085932889, -0.20799873618960965, 0.10337400202675147, 0.038933057286894904, -1.2270162654736725, 0.3174821627414379, 1.4078763758194175, -0.39334340078106367, -0.28589030926833314, -0.767474248960449
-1.4752991077481683, -0.25463302722894166, -0.1999403544711082, 0.33502417585336336, -0.72316366399239, -0.36389920846340273, 0.006455689746372927, -0.2708540778162262, -0.42386385201725674, -0.16457707742021568, 0.9188735573196146, 0.1664571396249224, 2.162566915208454, 3.0670157493562122, 1.230299682990393, -0.2190006697509625
-0.444603081733637, 0.32882915337186996, -0.12773259399671513, 0.15688094340315678, -1.0360548980589284, -0.3772069465998723, -0.4166389108432198, -0.33177312479397614, -0.015553327650753507, 0.27542301594694035, 0.474221674660627, 0.18371969510872493, 2.4529493604228536, 1.719142467711311, 0.6817666817586907, 0.706914788322422
-0.6317908875555922, 0.4819034971947962, -0.20266757358354154, -0.18621939114148714, 0.407887889466157, -0.3161344617929028, 0.20786735509502224, -0.4264073604232474, 0.11256488695660967, 0.555659659402787, -1.0387831774379903, 0.451537784772518, 1.5319932596458725, 0.827074629873166, 0.6743489107489942, 1.200526342169498
0.14966313322191024, 0.06874515133697609, -0.4200757128232049, -0.01759353010976111, -0.18270627161876085, -0.39190503895866896, -0.2751185948924843, -0.413879824894631, 0.08772631818469112, 1.3607080897664063, -0.32191709005577257, 0.16845878425814587, -0.9795328865971389, -2.835941419541083, -0.820076491118497, -1.799209273173067
-0.3195456826774033, 0.2080925232791131, -0.44179371935575634, -0.4777390293692347, 0.703298092879193, -0.44315281051503547, 0.4425743214916903, -0.39249137171552545, 0.17492561733321652, 1.353652630904837, -1.0852843159808403, 0.1920507850117503, -0.42408628819752336, -2.202134195356087, -1.3087696100329864, -1.924980170927707
-0.07284163825548108, 0.3116140967621345, -0.30621179909307894, 0.15167823212953946, 0.03921792672138867, -0.4398986836779447, 0.3796100805201529, -0.29440822544750855, -0.07810415765371359, 1.241451162246863, -0.09280943162159463, 0.11223395536559876, 0.39066465085112684, -1.5906171969739016, -0.6135451504699014, -1.445810504657954
-0.9686237388286094, 0.2285442619234855, -0.3460035310376581, -0.043319537510020774, 0.47977389803310955, -0.3222602351006756, 0.5726677048328336, -0.2086196490847268, -0.2886901147595679, 0.7547329996746497, 0.22674366325634118, 0.22076184131059784, 1.3161659005758453, 0.18733040701427536, 0.18758442390291435, -0.84838376035981
-1.5146893338030234, 0.08044274299002056, -0.07315561449199347, -0.3353916450735144, 0.6553147513121523, -0.274571489153999, 0.3698960321733636, -0.14152449749618934, -0.0664665323845427, 0.2970141846132623, -0.9945290383995247, 0.10645441719360997, 2.192610388431486, -0.2486707832809338, -0.4716396533553084, -0.712368609291242
-1.1723361133741805, 0.13048872566019248, -0.045846341155658644, 0.053645996652723446, -0.5865431680136606, -0.30407731532019044, -0.16864366657247912, -0.17005469831732645, -0.14928787680953515, 0.16975625415273327, 0.4107864239816655, 0.23107698084124295, 2.7965937438147574, 1.3473356366684193, 0.6121668268726019, -0.2339497112790710
-0.52121973112032, 0.2819382148073942, -0.12238038525405465, 0.002251705425451703, -0.6842510791413113, -0.20921944751935392, 0.10217353515570855, -0.28058629384863365, -0.04239249164360268, 0.5143035618845836, 0.19764432203238586, 0.2319267712638092, 2.79283794814828, 1.691643033616078, 0.6635077046475648, 0.7789742744191
-0.730493317906922, 0.34494058525369176, -0.10900291962516857, -0.30381939552883996, 0.4217708894696352, -0.33442064300479535, -0.09375176629844865, -0.23856647967599395, 0.1417544183645915, 0.7374316240225623, -1.2447550664886349, 0.292343833555637, 1.9382807785417062, 0.4039208140833446, 0.4917149789808024, 0.957691653872404
0.53975122233181, 0.05972419723608522, -0.3475620412690247, -0.1661946300554724, 1.0899654457928738, -0.3524536240678494, -0.4250582664973295, -0.307782286831172, 0.0735054241083165, 1.3272884062685382, -0.722575893213598, 0.18741331802797087, -0.9743832174949797, -2.0315886987094016, -0.7920185837829133, -1.613126273966377
0.013494003237144244, 0.045514999467363246, -0.40476968725560153, 0.27830075809816673, 0.4608805924583069, -0.3927333547702054, 0.47456334028454555, -0.2892686024751949, -0.3073782311285507, 1.073423411368078, 0.17680179986851455, 0.11087489436579664, 0.05636113724289772, -0.40994830755841827, -0.16856254170848314, -1.313003791090400
0.04308305844047297, 0.21010790280173267, -0.42401885970229763, 0.5325447163862443, -0.8832831738597098, -0.3379740714097567, -0.024163605529816713, -0.4375762551414419, -0.322065303906263, 0.8582130158868022, 2.1030271007353964, -0.021833330242408147, 1.0296436980818438, -0.6135066919290081, 0.2715554698962748, -0.4383675737468043
-0.4922355323723091, 0.14368652082415637, -0.32502892512989584, 0.33678594001912027, -0.2468919867624509, -0.23506886433677615, 0.22534409614243645, -0.2636450009774552, -0.394045129743097, 0.344095896156403, 2.2816612756356642, 0.1804896124799234, 1.8622368180827644, 0.644683285958682, 0.7858343185709256, -0.409179665018136
-0.9618566534354209, 0.11644439248974149, -0.1585702804378904, -0.39703159225787016, 0.6531541177555639, -0.26592148485687755, -0.04313760999841332, -0.14879878169892427, 0.11780019350114537, 0.10876800181725567, -0.09372536080202984, 0.3209842210162833, 2.5861529951229016, -0.550054377480542, -0.46809374543628246, -0.2345626185955003
-0.5812246248303738, 0.21021925355712884, -0.09992583619915614, -0.3252653135559996, 0.069086551673207, -0.33593705084097036, 0.37070692513630193, -0.20857719953730217, 0.13862660728085993, 0.15443958577836603, -0.5291178817882218, 0.161205114377215, 3.1222391266795904, -0.4966283509354799, -0.18612495831406353, 0.4504307430028547
-0.7242123803005275, 0.08204710513972818, -0.1741913887257127, -0.1372630897120088, -1.145456204227175, -0.2660743564347804, 0.42407568608200924, -0.27158620308899223, -0.10690066183511018, 0.21836505472416473, 0.012554006272406732, -0.037526789965128864, 2.9387795174564504, 1.0019834001297725, 0.7190581222333388, 0.4765560801619867
-1.6748363251815555, 0.1407454754082439, -0.1932980247335892, -0.27649555665034925, -1.7273373336628635, -0.2547523422274051, -0.2595282933840736, -0.277424204093318, 0.03285662692428521, 0.7678075103751244, -0.23837377143923089, 0.08601754931215493, 2.116918667415839, 1.462132516645041, 0.38433542633664985, 0.1838003343415717
1.1855720536608287, 0.4308592252085313, -0.449295487782993, 0.10268187637113364, 0.7147489532418618, -0.320520301047342, 0.05073818862259075, -0.4661696893074519, -0.10359739601517222, 1.0464613234014215, -0.09511198076889901, 0.25180530687163233, -1.5074054584716265, -0.7602596633795292, 0.12521711854237405, -1.324430242402996
0.27672450920727404, 0.12590454561989264, -0.3961408055759808, -0.15605332568453908, 1.173453180737656, -0.3293184108714107, 0.15554562685161114, -0.4352710138082423, -0.027188455154879495, 0.5618875548351193, -0.2902437749918613, 0.06120254462348836, -0.6758254864151955, -1.790827347491152, -0.38514419239094516, -0.652993845039291
-0.6891143255399277, 0.07953473487631807, -0.2887347602512989, -0.036736946320090495, 1.2096205978598826, -0.4130601753161196, 0.3200206702014724, -0.3944029134913167, -0.030053473283352533, 0.417006136013149, 0.2883810726502061, 0.06796052071402181, 0.5623258834053363, -1.4973676336823292, -0.7279798317847102, -0.03698514893351658
-1.2083257252834059, 0.1576642410971512, -0.2728457422441528, 0.25238014444950474, -0.43980018612482297, -0.29149705207327525, -0.2710154417728692, -0.31226980401056603, -0.24048351136943757, 0.1444841023854187, 1.9004064941061467, 0.285898443601775, 1.4896208835478137, 0.23797318978774554, 0.23397806754668, 0.181904821284465
-1.0897781407977376, -0.4766900157474677, -0.07120812502645024, 0.1268180438117051, -0.9770462418176248, -0.1426596206440285, -0.6166754544342491, -0.11769706026829795, -0.23373662215702795, 0.04656470771242851, 1.2052456345769242, 0.3456801272644458, 2.615645097583397, 1.3038986635026968, 0.07903924017226475, -0.567768104740052
-0.7044151893269932, 0.06768767914617727, -0.1220129729278072, -0.5967015071281572, -1.314718628782314, -0.32214995180113776, -0.17078973613779697, -0.08065711870743882, 0.18021928892821024, -0.07123575200941186, 0.716269572817222, 0.4138069790974066, 3.5637319616668894, -0.751170624516281, -0.14382649603239558, -0.800231934376773
-1.417919452431805, 0.018162034110257574, -0.2658519754646538, 0.0646079228336534, -1.223353326912148, -0.3685038216159413, 0.14266751032927105, -0.3991401206281603, -0.022955727204744727, 0.14051034645168126, 1.4786995572297277, 0.07904981332843203, 3.4792336416471326, 0.3229231486272052, 0.042157334131258335, 0.185232603947122
-2.09759071913728, 0.0434105582709722, -0.26966748617213493, -0.2549958158281512, 0.30705163710192734, -0.27428165297857154, 0.33532066269422545, -0.4606444349103074, -0.14835537045151995, 0.6555581008944223, 0.18110888909335482, 0.2949590462236773, 2.5641489369427846, 1.4969908190047363, 0.41274271505445975, 0.2428004713345045
0.9931687387990096, 0.22183010806296677, -0.5043246075262294, 0.46331906397922, 0.4888776390883106, -0.40141512293726184, -0.2109164284308138, -0.4561702457710685, -0.25773373962523494, 0.3836601908445211, 0.7390134413190648, 0.1899448929472511, -2.1226290834555583, 0.14835943799105514, 0.40296978224543883, -0.697532516754974
0.7196802084870783, 0.05823043988283488, -0.38239633961065334, 0.015940968624242654, 0.024028392720023342, -0.25912222611525154, -0.5973042224949525, -0.36895949295545777, 0.06893526313613925, 0.1240830567580469, -0.5607607765056865, 0.019517786687412043, -1.4633676481478417, -1.244138671633844, 0.08012733342279711, -0.3061432277032324
-1.436585109532198, 0.059349819843505285, -0.35953626497096763, -0.5181262491712275, 0.8893730117984362, -0.44319492918454, -0.2735146577310786, -0.26463504983247127, 0.17767724555127887, 0.013219253543341294, -1.459223601433645, 0.1433299081466295, -0.05289886893946699, -2.940785087297278, -1.1477722988695909, 0.0431540235370206
-2.5053065664349914, -0.11965591367528787, -0.2146196409592646, -0.36772666075097016, 0.8548391999924484, -0.3586391079135684, -0.008489213358405091, -0.2827592015950951, 0.028112510869497488, -0.5045396745898763, -0.21269478121053614, 0.32152798281665523, 0.6989186798693374, -1.404766127241689, -0.651316213856377, 0.279209349035194
-2.472061008390672, -0.2914190294651267, -0.1233322540352324, -0.3389871700293391, 0.5246496119297217, -0.14431485841828548, -0.5410908465961439, -0.09914921868174754, -0.08849356594802002, -0.40585319824591887, 0.08726558087983091, 0.20981815288259267, 1.6688524378293328, 0.11468981733931267, -0.040176918782928325, 0.001119208527218432
-1.1708580810644817, -0.1953595357217544, -0.16755481103874031, 0.13173216916771488, -1.4000317034101244, -0.2495890168804712, 0.05513895082648735, -0.17213293328881102, -0.1735040511624103, -0.5426190509772549, 1.403764696132278, -0.03985060135907869, 2.924179359731987, 0.4016912764114581, -0.14677721601836602, -0.2952602451082957
-1.1092615459885469, -0.21548422582035162, -0.358525303662049, -0.10456073382719999, -1.781216731332378, -0.34050746601148296, -0.37442059784944565, -0.42026508257520967, -0.021646704999149412, -0.5050237481388767, 1.9952316534662538, 0.03220196996672263, 3.1787748126619624, 0.07770352333227996, 0.12726715283387002, -0.136975478846925
-2.0850855320199706, 0.09808802730663935, -0.3682979302712255, -0.4110836658508661, -0.23098653798504115, -0.4027021379409105, 0.5911634070917609, -0.3670346940039914, 0.011994031246012131, 0.22638259855175513, 0.09083915018479548, 0.2889347993697985, 2.3797833216207542, 0.011919841762915486, 0.17763843703110285, 0.458697174784947
0.911041959148363, 0.6095958080647199, -0.5635998158172362, 0.3789312546561192, 1.682732080663857, -0.39332999318179096, -0.29831490699085156, -0.49039329297872963, -0.25935849009228107, 0.12850650409660697, 0.2512250909639241, 0.44140766043558427, -2.456495786125291, 0.2474895115571551, 0.655963924226619, -0.45591770393486
-0.36085769014824687, 0.4081057489557214, -0.42269934265778, 0.3241922271285687, 0.4021099739073991, -0.42949779803631216, -0.15142955381349907, -0.3327077387094606, -0.2091357166398191, -0.24333949423095816, 0.39638976534706655, 0.43439804775204566, -1.490335118820373, -0.2114624150450464, 0.24838424666046624, -0.0089703972789767
-1.3312231819474392, 0.23904252402886203, -0.3909733642133262, 0.22596451539853254, 0.14952937597223018, -0.4689104966654651, -0.5169384221644451, -0.44034548188748934, -0.21416255174144017, -0.6689446361661349, -0.03543033857637025, 0.20941868374525335, -0.5653273997450797, 0.14672834929403303, 0.09401196667368197, 0.2342529097818657
-1.5871121781335569, -0.03736034001158561, -0.36781347466764186, 0.27833158437583855, -0.16283547936675807, -0.500960064861269, -0.10319701545848987, -0.28110489111095716, -0.3421534365385235, -1.0326087890108429, 0.6531871702623709, 0.24146300196592294, 0.24596539377073473, -0.24651923575728515, 0.2735049919716261, -0.781431430624370
-1.9713087912378555, 0.011091667161083361, -0.20177342383140964, -0.5358825287175769, -0.32168694040799645, -0.2317592081083667, 0.22718019477415924, -0.1319525071969398, -0.03227707078971377, -1.0646616368344846, -1.0536070606972252, 0.1740409182551443, 0.9809639569271204, -1.3746415768678142, -0.8266304944149413, -0.501409480740360
-1.3120131393730823, -0.13054283863596658, -0.3417655439858685, -0.37775613825220594, -0.9494982704033889, -0.27813522199784413, 0.04523430532000278, -0.3631244515562752, -0.020826250516002166, -1.088741661313922, -0.23854886358542451, 0.13889835193956449, 2.3534824928965703, -1.1688108970283655, -0.6796725844175281, -0.312462020080398
-0.8773517979090203, -0.11383764141232741, -0.43913427594005056, -0.23138439603039146, -1.4181924744087435, -0.4237290635052727, -0.746337485669328, -0.4814209520195312, 0.1570238858447936, -0.9642197818788871, 1.1622015136324948, 0.10301788822186848, 2.846331236074199, -0.6756849965684195, -0.10305678053316993, -0.47103310760793
-1.545812836459108, -0.23237293952240493, -0.43674332360178675, 0.09114087258072083, -2.586033305077627, -0.4594519353670637, -0.6414471308105015, -0.47900529397118785, -0.0932529158988105, -0.46951869015491016, 1.3049690325940457, 0.3271278093046451, 1.9512123446161396, 0.7017838586111225, 0.23002784886284697, -0.088946289949221