-6.090768274811033, 3.940611591924283, 0.8762828823794171, 13.143470456434304, -0.006719790282017023, 1.687778436859131, 2.41134086241054, -4.826487532355183, 0.28162064513529683, -3.999871998816353, 1.996100152526815, 2.2348471185347245, -1.587295232026347, -4.096311085964617, 1.1210742144232348, -0.7840280350485379, -5.046732474399089, 14.468582924033214, 16.06054528432462, -0.8757875712527228, 4.985493695786629, -2.517637365929323, 1.960670981437095, 7.361096188367529, 1.5251875941898816, 4.840157094580168, -0.5471569768906307, 5.72526725486451, -0.2848811258388263, 2.8151555674146396, -0.3391443600771557, 1.982232485950661
-0.4149988840456761, -0.08736092954934098, -0.11484047561395903, 1.7860932015206956, -1.7163364648974466, -1.1649167471662474, 0.1953176861844572, 0.1524823703525628, -1.1206117707309973, -0.47587686759983844, -0.01622177512005041, -0.9070969440828257, 0.3154487767366035, -0.5074398465685254, -0.8039795157988351, -0.7307044492352391, -0.36955735371841886, -0.7096003899759756, -2.5459277757849526, -1.4066899936298816, 0.3279391801082213, 0.6021867626500534, 0.21871819740929846, 0.16819294061580825, 0.28413194941806463, 0.3292749198954006, -0.09707539866054728, -0.1895574442896169, -0.041278143511311934, -0.26196663877004667, 0.7543038909365821, 0.731162529393921
-0.2715527010537697, -0.210244562977437, -0.36777548376408414, -0.4168202250459545, -1.0389396587725042, -0.11001149615757261, 0.28505825840956717, 0.06384244785346886, -1.7845996379109017, -0.32396131981582177, -0.36380258317129965, -0.3229883917328442, 0.30934024915497726, -0.4345199691470118, -1.8838743554908233, -1.4775235954162287, -0.3644527162549635, -0.5311851928390021, -3.6614987795856075, -0.8844667225477519, 0.24337012761678242, 0.793782936545315, 0.11744322786882413, 0.10523038128886457, 0.02487837959789144, 0.5182195222333245, 0.42432912673014545, 0.17485627714813917, 0.2117838839974663, -0.17441748650018662, 0.8148749797461727, -0.284774553965986
-0.2925878703431479, -0.1594973484266037, -0.3593818165366492, 0.3601853980814334, -0.4584953618350586, -0.4742148680787145, 0.41384285592060643, -0.8155073366661881, -1.97406265672714, -0.23018615509753693, -0.28952870841959105, 0.9370034375455583, 0.2511527189794571, -0.6589912438120782, -1.7872287466298804, -1.196574359616923, -0.44361140410510497, -0.5322769050813916, -1.0808953522700293, -0.137768887377884, 0.4218810737598718, -0.4998068813787045, 0.07431857715335571, -0.12846681783238836, 0.13810418330802957, 0.9961794728945313, 0.30689202508602587, 0.24864349563016103, 0.5466390774780466, 0.5407421465760979, -0.005710188971012057, -1.120008756816662
-0.28029253488547257, -0.16033286090759838, 0.031118688827361598, 0.4249491394312525, -0.658035388409803, -0.6321164645550358, -0.05914508253223697, -0.7521054774012886, -1.1640056443273337, -0.3530631644875809, -0.6811417068064726, 2.2419841353536802, 1.5002343429745653, -0.6696016093218354, -1.4086775071043536, -0.2648481571629221, -0.3626949449898947, -0.15237277843132077, 0.23100756691152993, 0.3163244670101202, 0.3535485945677577, -0.8229729983963509, 0.4803384152786198, 0.005265937505806651, 0.3367866449237971, 0.9570120514204, 0.13801571597925233, 0.044640024162263064, 0.5291734049209925, 0.35630319915522496, -1.9781119342970495, -1.951862148971113
-0.03688532310482566, 0.005352619689163024, -0.527266138075961, -1.2041383202280838, -0.5598923915576521, -0.3750912248634854, -0.46839806090026276, -0.8610312209807209, -0.29263035108601604, -0.16080441572758297, 0.1516215194062715, 0.7777986694254441, 0.13342046534803156, -0.6524180600370185, -1.0661280670149167, 0.08177839710387934, -0.4303088031862811, -0.47745716027668167, -3.1884045294396346, -0.46967323374259157, 0.6149166476902262, -0.2828333743465807, -0.15606499815257277, -0.20553899879256593, -0.05115457473758765, 0.0736042622690296, 0.19638043729181348, 0.7105919543545816, 0.3640456367668701, -0.9730194043153265, -2.179313844250938, -1.475491851023747
-0.125343992704849, -0.12217190067963118, -0.19588415391663924, -0.44917168574717375, -0.21203892133192362, -0.5536324495071236, -0.47411092475707683, -0.7867315886017098, 0.4994521790593992, -0.22001609926679574, 0.4346840175910529, -0.022703596025946078, -0.6169452440372248, -0.38243797980683314, -1.12679508838487, -0.2856995074438069, -0.4687524520806082, -0.44090354728329517, -4.675141523770489, -0.9942995254246324, 0.39582297801598637, 0.16009234296366834, -0.38728268642629765, 0.0004105888202823478, -0.1914870006270997, 0.1811490302964152, 0.26332019355873015, 1.1629451958135208, -0.08427325571654527, -2.206951587381385, -1.3140333675747118, -0.885648979180263
-0.23013020779036117, -0.1870393038226539, -0.30073800335781203, 0.5826806997327277, 0.2503457858580147, -0.2896142001518983, -0.053988935382596616, -0.2953829156799803, 0.1979338622107173, -0.14399979978551572, -0.24355075669558895, 1.0132735906265309, 0.24580311416745532, -0.5239877326943808, -1.3152778953197382, -1.2788062587376752, -0.4804566581295477, -0.3852387438223296, -3.0360130719118343, -1.0770037390222118, 0.2827300730851306, 0.241336478837555, 0.06094534339716121, -0.02655407107512512, 0.18983746360166068, 0.9202309832526533, 0.8454960563771363, 1.0537788338160132, -0.5547814887438653, -2.668937376565172, -1.3240364401487648, -0.0884900750611556
-0.14062376291079098, -0.16355821090163095, -0.4996712714031807, 0.8675417046246955, 0.880452214355613, 0.23464141645778439, 0.339985571124377, 0.263696026693501, 0.24599791189426531, -0.1747390899896022, -0.2719244884011381, -1.3782195876670038, -0.4393611050933362, -0.6188868286171098, -1.4682154946989914, -1.8586959951246256, -0.7126874362981127, -0.7711461922609638, -3.23633145325011, -0.5559239399065945, 0.21631835830809656, 0.04663086078508069, -0.1311828431416474, -0.20565937378724625, 0.029059727270264603, 1.2845693946929795, 1.2920921261892067, 2.0020761503625444, -0.007367283166958793, -2.8021101179737298, -1.6177616929603835, 0.4078844128929194
-0.24043420178612224, -0.1527870398355594, 0.05855692022477139, 1.3831114666144269, -1.8544275167922406, -1.3696839130549128, -0.3833933923138881, -0.2529142681113524, -0.0008464185721373133, -0.4181091794500112, -0.42349337468994414, 1.510277520842947, 1.1345811329773383, -0.3277405915628685, 0.15326793743489572, 0.20030718421827412, -0.10562532446271848, 0.1640666130899967, -0.9974439463695525, -0.5211403992738395, 0.3718289238947304, 0.11374342203772907, 0.5743637488868703, 0.3276404660002886, 0.47218277867027997, 0.6808629582738078, 0.3208105032251354, -0.23210284341919588, -0.5530688621884441, 0.1262695960687855, 1.784677446825608, 0.660884898917058
-0.22190070103957252, -0.2282291061417609, -0.08640548646437193, -0.423312112368915, -1.669277683775582, -0.8862941697143238, -0.34913132662380186, -0.08454536811771038, -0.14777817653086336, -0.259025868605895, 0.1634110610431994, -0.07251911901423588, -0.23031312633329676, -0.3007206606930314, -0.7770059028649086, -0.6840477818693211, -0.17401686876198214, -0.504963270451351, -2.5743801848015093, -0.26044365415389203, 0.20133470815027685, 0.17775443815743525, -0.3328153578086584, -0.20377412471566883, -0.08991385203163592, 0.35090923697514687, 0.704062421865522, 0.343592809287117, -0.044901495641184785, 0.23836447426862178, 1.559913061608434, -0.051857014896025
-0.12007928010468456, -0.4944591387346513, -0.5615047673317639, 0.8800101313422629, -1.6864460639365082, -0.8508894998473016, -0.18600771213479855, -0.4690121618162972, -0.34732387714120344, -0.2868795577741198, 0.3766307157564017, -0.6829400565585807, -1.3272760076117478, -0.38537242673563465, -0.8118418510184001, -0.6486433553033806, -0.12679815346867862, -0.21895155143645464, 0.978133416580765, 0.6522863344051074, 0.33882756586067986, -0.7836161942308099, -0.7183091328173468, -0.3536166640498023, 0.017569112715707522, 1.0142431725526388, 0.7882036048045475, 0.7374173886591191, 0.16736575962423103, 1.130818997676244, 1.1872664573773681, -0.917591459979760
-0.13982407044236542, -0.4266320257644275, -0.12890591953955885, 0.2886425300958562, -1.498534324323158, -0.7452098837553857, -0.32506355019204947, -0.8482382338436132, 0.19455447687514052, -0.072296732258024, 0.21882005055070972, 0.16551172228946276, -0.43920786531022094, -0.46090188276032534, -0.5414520802777444, 0.13917506521237663, -0.19742517592594208, -0.13711127456725866, 2.8789607971603646, 0.9129757705098361, 0.3622953988380076, -1.0405928403002895, -0.38834415328351585, -0.06774698933070834, 0.10430657127163978, 0.9622312045402843, 0.24684068397610692, -0.29558923266001164, 0.23734058967918933, 1.0394061115498314, -0.3074341185259608, -1.788357760308192
0.027460604415754864, -0.3288992196014665, -0.12257002850982099, -0.7831850407843504, -1.0928624496574642, -0.6571453118010324, -0.2371020071568852, -0.28555584966498754, 0.30858311440698943, 0.04827261138553468, 0.5982136500052597, 0.43400645457893794, -0.64958428032153, -0.4056565829039737, -0.0008752708078930853, 0.9025760037597436, -0.1868947667683546, -0.15506425545824992, 0.26665189313868487, 0.3805800269600385, 0.6687869605893821, -0.5496284312091545, -0.4253391110716245, -0.05254179452617147, 0.09516366673183664, -0.2070630340542755, -0.10108820285817544, 0.20630318367054729, 0.1609783615381457, -0.30416155619666274, -0.9387797448395061, -1.27250768799492
0.04136787322563869, -0.15292228698319926, -0.375532530845836, -0.48009392087931607, -0.249608068105994, -0.1273697498025071, 0.2059892227325633, 0.42805899774256717, 0.45035394876326945, -0.1011802012216694, 0.08963506562022339, 1.600470069720087, 0.6498983616505223, -0.13523757537323555, -0.11712213534672906, 0.743271194049256, -0.1939397499241588, -0.1990003557339086, -0.9083494169676164, -0.009911140858860948, 0.5170851042045411, -0.1699568546519848, 0.11639438219845281, 0.08583340059854225, 0.005924548090686594, -0.533533154640818, -0.2494033680399108, 0.3082364577260779, 0.0739991689891943, -1.200274228144912, -1.0866205567210516, -0.635968346201645
-0.17923460749070075, -0.19177140192684194, -0.3608894418752939, 1.7629103148380756, 0.2524993534380094, 0.050675901183143704, 0.62735361219254, 0.6236566832912712, 0.24202889396336855, -0.12175816419206427, -0.37002536474614295, 2.5015293290615093, 0.9963021522177883, -0.2405828807539496, -0.31280297902245147, 0.0066795457221610005, -0.4750353378309013, -0.2256337289563076, -0.3842206584869434, -0.028798983618356446, 0.552513801761334, -0.12378819577663329, 0.5472217022484827, 0.4139368494395882, 0.5753992785400056, -0.05257231946614864, -0.0520414607020678, 0.6135928506728772, -0.09040445704582302, -1.4953807324350497, -0.5762429188920255, 0.2443031564425993
-0.10197375571548362, -0.3105150898967874, -0.5510641169349305, 0.8099048204620577, 0.9224636845403876, 1.0198325167934077, 0.5938593647067837, 1.090685659332861, 0.6007266179783615, -0.058905292278992424, -0.4285584293064243, -0.09229900883899553, -0.13231873783254122, -0.316496508024001, -1.2078133441773706, -0.9549503617613391, -0.5234712274107504, -0.4452112370637164, -0.29359150800922273, 0.08780811932787719, 0.2634069114740177, 0.21312179861678432, 0.4611178584879904, 0.1477418909556455, 0.08993737463739156, 0.7290598455000523, 0.7504347160412596, 1.314322273377707, 0.1222810572093066, -1.470192274532735, -0.8007131050676348, 0.654316890664478
-0.32267656891202556, 0.007456209890036539, 0.1330202362172373, -0.6843306059396003, -1.7406905409107671, -1.547664756684889, -0.6141703488060789, -0.6553333643536841, 0.43285009127301455, -0.4061060654989784, -0.1709014790589054, 1.5695429434158903, 1.0996861699440765, -0.2733618733833555, 0.6437287559335464, 0.7371414344395125, -0.1834298937917463, -0.49832875981379876, -0.7666594357136725, -0.5410348554685814, 0.43480894358846467, -0.3381619517300313, 0.2101578807193599, -0.0010391375616353934, 0.5523439119301594, 0.9691405355969425, 0.48619726216065917, -0.2898244130384215, -0.5614799785428335, 0.12834649498800413, 1.62507207720884, 1.150926734915917
-0.386877270293981, -0.05990438594564704, -0.6008144679226407, -2.420552956268735, -1.7881067525619845, -0.979732108821112, -0.7323007512533731, -0.2519392007169517, 0.7226699854915318, -0.35358031782772475, 0.14376488102102195, 0.3777425974634081, -0.022138537934016773, -0.2961138621107301, -0.1916305798544953, -0.1859427301464803, -0.17311015430052146, -0.5161105493834675, -3.336494024569115, -0.32516356914870576, 0.2977195867040733, -0.009149883115841785, -0.12819162114784413, -0.2716198154934803, -0.39405209373162847, 0.16441643206621434, 0.6021355422107627, 0.5616489744500013, 0.17805818446230692, 0.006409351907484429, 1.7606560877818604, 0.704491483565464
-0.3151987480373221, -0.08066894423449963, -0.1799836640470514, -3.3660301787487503, -2.0194420132224784, -1.0209511088145211, -0.8502055866461291, -0.24544776911693678, 1.1953243829139626, -0.3068038299143373, -0.05699431334682112, 0.7415781826492924, 0.04607766868588333, -0.2794225723255595, -0.5586572220548569, -0.5602119274704561, -0.15819816876975318, -0.2573018781167407, -1.897219697458011, 0.3236654488254706, 0.369537008084989, -0.5942357157868868, -0.10226343308701767, -0.20444271508443151, -0.2983110489406273, 0.2578282831686242, 0.41901540494849415, 0.38143013187822217, 0.2543337090666485, 0.9039030047015485, 1.0744934864967288, -0.560643178618608
-0.0882713644962675, 0.10473871321030744, -0.502061748412923, -4.618622293478534, -1.6012015395612846, -1.0811788605441217, -0.6951772080159478, -0.05574649561611641, 0.8261663995491318, -0.07178212615181397, -0.21043500246075447, 1.3522450156010786, 1.0708724545195782, -0.2666412926604714, -0.8950082195213145, 0.1280984134012919, -0.09933987935875715, -0.16769785492906691, -0.7184965532641252, 0.7188973895760683, 0.5952458195389898, -0.7444194786962395, -0.11668512627301858, -0.09830588136494312, -0.2963128827430418, 0.5669637047558165, 0.04484402984136685, -0.8062548936029447, -0.35141596464573194, 0.9310883168396149, -0.23671482698033805, -1.036504679037116
-0.032693395085532984, 0.048296604489035555, -0.8552978756164009, -3.9540194650560503, -1.0424112571249124, -0.06843870661701394, -0.05062424946256151, 0.42082469773940445, 0.12617414449060274, 0.05672210504788778, 0.07844493006042712, 1.3801031426431045, 0.7176170781038309, 0.09272332988898574, -0.01982348672451281, 0.9155814017185008, -0.054018119556150684, -0.20620293080632293, -2.4960217650174865, 0.29685811840190296, 0.6306921594922036, -0.30841744156970125, 0.022831668693425945, 0.2203328072681521, -0.15722704305602825, 0.11347195531324077, -0.4211074462839089, -0.7012054215018423, -0.40897584311213814, -0.342694384597863, -0.1619173058583881, -0.3780469617597018
-0.08749656171652849, 0.057838377476846406, -0.5599107285543101, -2.166682703431018, -0.34101088196643836, 0.3683432170933915, 0.537360860726793, 1.3650556326027186, 0.5035070467141044, -0.03680606167492126, 0.27150118664639844, 1.5011201435955175, 0.57617430917676, 0.17632613243712175, 0.5700698529629733, 1.389976101842576, -0.3021016388824046, -0.38799543958737603, -1.7999045506055282, -0.0023754109836866175, 0.7021017062690116, 0.007835793639717342, 0.8518114796053576, 0.3244120303794775, 0.04260028049735842, -0.6490489187472241, -0.8023480681741745, -0.8388367532599373, -0.2974503270193512, -0.1955445713992538, -0.05898041065111947, -0.098288164193347
-0.09295119455877121, -0.3453495678310648, -0.49302942023291646, 0.5016707643433665, 0.4109081537526702, 1.2694370978702292, 1.0960566914423344, 1.9006629370277297, 0.03334708008171693, -0.11205079582253845, 0.35812171836117584, 0.47030826083938204, -0.1863322591244497, -0.07565388491371147, 0.07697746411268713, 0.9516415070977577, -0.29792229655947455, -0.04353933471361109, -0.5658708292735866, 0.013930882268663148, 0.651183213365839, 0.2971301752543983, 0.24741873162330508, 0.26314389939242, 0.10134274064742102, -0.30572094513653636, -0.227755768981582, -0.35779304262185374, 0.0028297437553239557, 0.13818614763455803, 0.5473151326471885, 0.594390115326554
-0.07953746842805108, -0.08458133524619989, -0.87628875714925, -1.175299915249429, 0.6186985536907581, 1.4766468315332653, 0.8979006381228822, 3.2831782828679916, 0.8100315208924106, -0.04742753280209534, 0.031831574255862624, -1.258497170037094, -0.8646022690860289, -0.04560603267695374, -0.8409892438404183, -0.2984749051465464, -0.5526943537778427, -1.0132390586320412, -2.27075222784813, -0.12964715199547847, 0.546718621892651, 0.7141310029143921, 0.38319630167448154, -0.011738096328425046, 0.28490784396496305, 0.40312831117559667, 0.6022047042439813, 0.43921739723571757, -0.008466793199643632, 0.27385539375357015, 0.27124594511782907, 0.584194025472793
-0.2196029030235508, -0.33439944237322416, -0.3164474520202969, 1.819892107815104, -1.6332675069987845, -0.2433922625809454, 0.021635302078899417, -0.1284551857249522, -0.9538349381225836, -0.3070577810737355, 0.35262361119067903, 0.47715403511539217, -0.6074746203217757, -0.1673717153818877, 1.4578470099852174, 1.5789686790858597, -0.16939777199829342, -0.3259780805998063, 0.10264651086262522, -0.5171121140354347, 0.7580548673066282, -0.3306894319156645, -0.09455574563902776, 0.04179384847773806, 0.4133001978572934, 0.8767412929250586, 0.19290739867960213, 0.3981284047430618, 0.7281436003564519, 0.15480967069088497, 0.45977227507121804, 1.402025679611620
-0.3570572621357384, -0.31616227140535075, -0.6488465710347702, -1.1458877342751081, -1.2102470365683602, -0.17100724698598868, 0.06028025020588818, 0.04723642414767813, -0.47718221419269624, -0.2189701176577751, 0.2400304019513171, 0.0999281787611113, -0.2793653677827696, -0.1831708816835634, 0.416162773731371, 0.7882334091704263, -0.13272391513425008, -0.44730703727308546, -0.3476413493964726, -0.3245805938246528, 0.4682710291320153, 0.0505903957777189, 0.04332650582199125, -0.04968058385566527, -0.4866830557023896, -0.40873013928879726, -0.03376070097820799, 1.3073704763651353, 1.1229468897304247, -0.08239317482459156, 0.016995407493850687, 1.046915963351020
-0.271301859528628, -0.24587155441970773, -0.5438084981952167, -2.3406686093433455, -1.01494403194626, -0.43389420606193435, -0.2777699239958543, -0.19517025611631275, -0.3462374796244078, -0.02287926886564409, -0.2118990655456886, 0.6568910326512042, 0.14426398111502203, -0.25388427999212765, -0.45117609011851956, 0.02241243817469532, -0.16020732801580864, -0.19106841883888634, 0.4675627529347357, 0.25788487978177527, 0.3058885334281941, -0.4190589380296439, 0.026982732735584526, 0.08081296838010135, -0.22636915186538636, -0.32833551196837724, -0.38354872778829846, 0.6547372003293371, 0.9587056567884945, 0.5115136312872033, -0.6319701119103903, 0.1717263280004076
-0.12324010020620543, -0.19679886250663287, -0.5452853598019882, -1.599047898305722, -0.7801538751617166, -0.091032899063911, 0.3744181539087473, -0.22032356609828935, -0.7233655829256788, 0.11308145371555087, -0.3051925642104591, 1.2408154396537268, 0.8156868415965876, -0.10526359230524014, -1.0205619306376534, -0.4114227512611985, -0.15426102369560873, -0.041350083657060166, 1.5902738010908988, 0.6298117176766839, 0.4507027683734916, -0.5237881771625421, 0.38969556338903916, 0.1266678438091006, 0.39976584839708784, 0.8696122431202381, -0.14475033383979533, -0.4484392639349157, 0.4358333383883232, 0.49317137372747466, -0.46014290586502676, 0.1605505990285928
0.025549893649403636, -0.29185344153231596, -0.4317397699352002, 0.13717113311542384, -0.40007908356354116, 0.47024541166433, 0.6142165497204441, 0.32901784935764783, -0.8800236132633629, 0.01506477973588196, 0.17222048737962914, 0.6300264932532217, 0.6034649383403382, 0.14599622155370265, -0.5383568339895765, 0.07319176953642113, -0.05136930844481393, -0.4888670283095199, 1.7811787341462564, 0.34211136561402583, 0.3211570066623989, -0.4882423118753331, 0.07116014662550063, 0.22115245600374345, -0.030712729217168847, 0.530213443257372, -0.3662206675347314, -0.9810664286565066, -0.8101171540976165, -0.11536249510106254, 0.6307169967543187, 0.748914158699788
-0.11797676442515173, -0.23818216552243723, -0.14528700565579672, 0.21019831583509527, -0.26510561329119214, 0.5253092551926698, 0.6354274125186009, 1.277759708422109, 0.35711447292225257, 0.0006571642015744658, 0.06774947173321742, 1.1238524633023934, 0.7072153108749424, 0.10627864343425253, 0.0623935827511573, 0.8715111110460739, -0.24273728978645728, -0.21453555267209823, 0.13098899287232177, 0.048221949293976864, 0.7326306070675414, -0.07395898089566542, 0.3240148325970612, 0.3278207335637899, -0.4410385272372494, 0.07371661380876997, -0.13916596963663552, -1.3178097666790134, -1.3868776285501634, 0.16536194156972522, 1.101758519718706, 0.3485825026805526
-0.15340948979151509, -0.2639377425692957, -0.5311858762917183, 0.9298575757043014, 0.23987106782726006, 1.0229028256243888, 1.040825210011367, 1.6693574890475271, 0.7236407939888809, 0.0043593386078593435, 0.17802205975090976, -0.30505145499906383, -0.5442874150006444, -0.03487490618047611, -0.2211819409144215, 0.41135927119534177, -0.37151216841049733, -0.13793766483786235, -0.6832362716500124, -0.003530239813131087, 0.8361510980943928, -0.23337842984096233, 0.09264500313000405, 0.05244261381816379, 0.08183989465716232, -0.03801564754009087, -0.17326190722933763, -0.4361334885664581, -0.6797561455238899, 1.4158909130518433, 1.200991599265438, 0.293283524728395
-0.2169134980209105, -0.17986533110385355, -0.6821595326841841, -0.45480585110597715, 0.6077247586726737, 1.085989637788656, 1.035896586193176, 2.5694884595150107, 1.0630889103655792, -0.17217670571978294, -0.2997662408425805, -1.267537743497458, -0.7432887861660088, -0.0768705921840718, -1.09048029827915, -0.6008538905175482, -0.4175073109065767, -0.2509841465939323, -2.048566579699014, -0.08186939516110021, 0.7902522830035169, -0.3342430263642371, -0.01483088568650813, -0.0568814970508001, 0.11612539914629355, 0.0020585449768047914, 0.2791361230844682, 0.43599068453646916, 0.24565753348088662, 1.007431510369541, 0.9646095009353212, 0.1988219643867601
-0.23506278346790482, -0.2693087330935478, -0.3305949452740522, 1.4886589967020711, -1.7745955239833144, -0.8448335068353089, -0.14362147427220065, -0.5453763891050144, -0.26010916845280835, -0.2255367179097538, 0.39888626727699095, -0.922790523936655, -0.9131508387507709, -0.12817105057978792, 1.1312572441354745, 1.9486037814119768, -0.2992882466036173, -0.612626193521319, -2.0577011012516904, -0.5280436851243652, 0.7860320361765113, 0.4117801530950025, 0.07343381438625993, 0.19739395505802446, 0.13372781470749617, 0.013778603318365704, -0.04047784177948166, 0.5447413684343965, 0.903001686321999, 0.34896698937869847, -0.8461524999274973, 0.589919208132282
-0.24965994556896462, 0.07132690849267193, -0.7403182428810197, -1.7966089713895748, -1.1359250330614963, -0.5179431810055024, -0.5101560848549623, -0.9213289376902769, -0.14299127799074388, -0.1349199906335801, -0.36202077896400914, 0.6624496317600091, 0.37303981673668607, -0.09169687864545133, 0.33377297983591103, 0.9791811129403385, -0.3092411014752224, -0.6506576138901201, -2.785418030967012, -0.42938892321205036, 0.6502256393760514, 0.22645973761067834, 0.43056059369519856, 0.10089875570984862, -0.16157052181716974, -0.42130827714925734, -0.4679340892740424, 0.7141036074287228, 1.3701846260465562, -0.4799148962557882, -0.9414550656902843, 0.240546211399472
-0.3528290570863175, -0.2918705352750865, -0.4585790012009488, -3.005018594911182, -0.49231189245028045, -0.004684477755922031, -0.3020616692881434, -0.43715663506378494, -0.41725320258289644, -0.014596457213683498, 0.2281294435334133, -1.0799254806112581, -0.8493879955471562, -0.2434590712502543, -0.8337951452523639, -0.7172680950773299, -0.20448219620018177, -0.41806860322956063, -1.8075097236963416, -0.1548041851543224, 0.19292987266400172, 0.6456376201810903, -0.1613905152591547, 0.16613462746812885, -0.31387795608791164, -0.9680741555714858, -0.36899507864927067, 0.531925989337661, 0.7310745085993889, -0.04599368412150276, -0.5622751521916994, -0.0556464850987378
-0.23781926883205634, -0.221668059291299, -0.7861484382862446, -1.5548974701575784, -0.3574222756314096, -0.17073031503746947, 0.016847622238191653, -0.5571988998443836, -0.9928547711880773, 0.03654784693861492, -0.004124036543571964, 0.06592099536891492, -0.27108594765986804, -0.38217303202962166, -1.9902182141762166, -1.627351109260459, -0.13203161494591897, -0.5692948671150105, -2.059834237080806, -0.0688414347847863, 0.2644800677278267, 0.38909037346655073, -0.5353962631869169, -0.08743847208715735, -0.2460025631455737, -0.3647154178896482, -0.4022883409679419, -0.18590541579473358, -0.5159264314517984, 0.11710343391488387, -0.2405199141214081, 0.0827217052568315
-0.10326610477886261, -0.23380889930297497, -0.22792765366447612, 0.2585174524621492, -0.5377726141366831, 0.01126184491769092, -0.19059488857444, -0.4004540404453017, -0.20067111375384528, 0.09364716324711399, -0.19154177966528926, 1.0498275981901037, 0.9505002318404441, -0.266684927249039, -2.060159949581664, -1.646474293352813, -0.20463294137619156, -0.24910040289385937, -2.008973108204485, -0.28056558057869413, 0.27183505945706377, -0.06454175247143491, -0.031158823201591863, 0.1143808527420841, -0.32425820572942926, -0.2919626413787871, -0.45626052030786346, -1.3179473029306554, -1.4350138122743177, -0.03923835858845695, 0.5720923204760318, 0.4399044444928751
-0.00399241050037091, 0.349744429504785, -0.1028506557998886, -1.194359569928998, -0.44632203466154946, -0.5953581175849212, -0.5335060308152603, 0.39496358463052467, 1.5576804945197018, 0.09811990567518501, -0.7128730026286011, 2.822605445122589, 1.881242074807102, -0.09250517849317391, -1.1275244396547883, -0.45472887956952335, -0.16123813398296905, -0.2423837979396494, -3.6219702751322074, -0.27175191437290214, 0.4896079308880164, -0.606688268953757, 0.2295743610909577, 0.13468446931297712, -0.9012740996113497, 0.30603158223836635, -0.4840301038799003, -1.8791218701639307, -1.5401246915936562, 0.3139055089113803, 0.9600534914745967, -0.376766865000341
-0.13106717164271658, -0.0008648372988802786, -0.1450036783188705, -0.8895266985445734, -0.19474109986501068, -0.5586874028446241, 0.239221242532069, 0.904204653594767, 1.786433726126083, 0.024631664726064335, -0.12901330835036373, 0.5018860376935255, 0.02625368600952512, -0.20406967388866523, -1.3383442015451281, -0.41853082785186224, -0.2584086173924252, -0.6333257525199707, -4.015652193344568, -0.22979877707460547, 0.12976759811165947, -0.7716782870779622, -0.4202050949315009, -0.12603253886277543, -1.0000875531250124, -1.0263077186662979, -0.454070340005801, -0.8120885687561675, -0.06762388308101261, 1.3925312974124586, 0.7469465490685306, -0.650544064250724
-0.09686024460044258, -0.13521051147026655, 0.3321197939337537, 0.24153913815512293, 0.650295054676054, 0.5648604414681494, 0.4920674789742153, 1.0879535955337996, 1.2928191295227667, -0.24780687087010184, -0.42762877163602436, -0.6502430202960988, -0.1492820104285152, -0.2605925607662432, -1.2628893033832473, -0.625645290077172, -0.49768431768589666, 0.008004503477602612, -0.32033574516154395, -0.011675100568270341, 0.08834650681374479, -1.4324268252792236, -0.29373490559550497, -0.21551126962788872, -0.47286406981046347, -0.4569667624058996, 0.03400882527319362, 0.48079362045439744, 1.3696369395629546, 1.4019916341997405, -0.005477896774331188, -0.2487711620733659
-0.3572875891122632, 0.027090371366136373, 0.102463180169879, 1.0137473351580437, -1.287847447775467, -1.341031007306558, -0.8288131013411545, -0.6295850180538686, 1.150423708626374, -0.16236316334268092, -0.44970880622009135, 0.007418973976690259, 0.49623310551998223, -0.0972231095444291, 1.2803012286787496, 1.9724832232174514, -0.4299021208943472, -0.41736711725115655, -0.9837891778762146, -0.07240185000655382, 1.07542501875757, 1.1242072826780316, 0.8560280922028439, 0.6535790227795633, 0.6557884328673093, -0.5393312093143428, -0.578640380198338, -0.30717090223890803, 0.6107937373668194, 0.2975853146833408, -0.9270538635520587, -1.220042455582593
-0.24174974996805515, -0.26777447708536256, 0.1861179713070101, 0.6599261955005857, -0.4455384395517331, -0.8287128795472684, -0.49384306447295795, -0.7671158225511345, 0.643466359926387, -0.02112647355267197, -0.4320818111935067, 0.30012961582902037, 0.2133347453973695, -0.1150811341878934, 0.48825155404872667, 1.0700852296318029, -0.2817620068585146, -0.11046450525017315, 0.05013320010837071, 0.030678435629174727, 0.5260987184734647, 1.109643915588082, 0.6395001767110203, 0.36126731736715384, -0.12714552716041475, -0.4021542226912663, -0.4926118568864527, -0.19246570776211572, 0.292754052406352, 0.48448156755980604, -0.635203197986041, -0.953354935938295
-0.3617471330392044, -0.14284712534279687, -0.548072119207925, -1.0723687459540294, -0.16244522992375957, -0.4673152584019468, -0.5572961427453734, -0.344164000373392, 0.0320124330346555, 0.0555937937096364, -0.1475822848402331, -0.7472515644923581, -0.918499595239265, -0.2647120479040416, -1.0316722880455484, -0.6211793967688727, -0.23392151927942115, -0.18759094967693385, -0.5972574075102154, -0.09219772920232885, 0.26687451130544476, 1.1501074206723234, 0.08751000618372608, 0.044177578462896945, -0.34817698522288426, -0.8811659893518896, -0.5959693799745136, -0.4863320487789678, -0.36574842286264786, 0.3909096396571832, -0.21300637027449862, -0.831938446069554
-0.10968575827042178, -0.3531008180361804, -0.2965708613508319, -0.6246191186754404, -0.46356313511058184, -0.5978471309498741, -0.32250406262097103, -0.9044469785456587, -0.6412815880604692, 0.18114301523848134, 0.3379934764397543, -1.257532734936811, -1.2180411410603031, -0.49902515293885014, -1.9934956225811062, -1.7147582055467256, -0.10926543615638568, -0.1567871324345521, -2.378285340481468, -0.2449409172128122, 0.30014838774579017, 0.8694649238398299, -0.35254662021386457, -0.3427497830292491, -0.4676176548344198, -1.500554740655042, -0.9910008870022408, -1.1909623168202517, -0.6246795879056392, 0.8323915076591424, 0.0563020349943897, -0.813410338709782
-0.0628318569271769, -0.19629267942033995, 0.03880755259326197, 0.926630115896602, -0.3537259348700429, -0.5684137735602846, -0.3691206316886987, -0.631627300080905, -0.2358740780306639, 0.26784468743825124, 0.18209963049302672, 0.68721343359625, -0.3463610862739978, -0.5526959420091483, -2.1587009438868248, -1.4243396135480864, -0.09384289666090853, -0.30665137609388476, -1.9665389610906214, -0.32951091808811855, 0.3709927029615702, 0.2886148741798067, -0.32240068477980166, -0.18415746097313224, -1.4186428146780883, -1.7883479339955892, -1.1241414879303524, -1.322350909781448, -0.73713995593051, 0.43912381063229355, 0.1764111599679529, 0.0362158911063682
-0.01781898090982946, -0.2982585995367741, 0.2621719255407601, 2.548365803718809, -0.40688735352666244, 0.3478023226559292, -0.038577258876622965, -0.0369304843498026, 0.37342700318873945, 0.28222483833709283, 0.4150939094489701, 0.6787975311525853, -0.5176642716080126, -0.5513422104203204, -1.1643915509637834, -0.14240502827204843, -0.13441974699432305, 0.0008293900214442156, -1.7076153475224614, -0.6121925585859493, 0.2937246330417656, -0.9550418997604601, -0.9236411249547032, -0.6315131317671291, -1.5754127147572725, -1.5692500190187626, -0.9572076739128631, -1.2555796571409812, -0.051079381136079724, 0.4900593416126637, -0.21269638535690372, 0.1454665838344074
-0.12388030857815427, -0.26317102571401824, 0.13967496476554953, 1.5515553551254098, -0.11017592823371485, 0.18244536588742813, 0.40514555046545975, 0.27158504402403566, 0.0570082010659375, -0.04903183324198862, 0.4013704543732877, -0.4458336442359104, -0.9284155133650003, -0.5342992411325908, -0.8197240657436262, 0.1463347508693603, -0.33235497002682624, -0.2286191346842478, -0.6411435548610227, -0.41616562917835764, -0.10272031800735472, -1.6818702007826516, -1.19551841603604, -0.5439697169619416, -1.540162739405152, -1.9596704138635899, -0.9796115100649985, 0.06801805074056506, 1.7544886155091357, 1.6324590209732226, -0.6050632000511957, -0.092448630787258
-0.1055032698158383, 0.16934357439136208, 0.06995359808711939, 0.11110403596947044, 0.6453399711315447, 0.16591444757302595, 0.0915068536181082, 0.7540397093139951, 0.8511232479233605, -0.24816428556827883, -0.33043560300414276, -0.6288438246028499, 0.026102064723516206, -0.3775453518514229, -1.1245567507566046, -0.14306187767164635, -0.4798581560425166, -0.3257422927730276, -2.6424676457193566, -0.3497815920042972, -0.23304815626353814, -1.5267571615246622, -1.0344858977399292, -0.8785754848345194, -1.681858998328822, -1.303253908324875, -0.5651248298621727, 0.9600069375233571, 2.739091876055819, 1.0363677311787187, -1.5676223008433534, -0.399768924636980
-0.3821540087413114, 0.07947276541503066, 0.2618295956588363, 0.5928760951643823, -1.0192245547962155, -1.9821461681622443, -0.5472925032830123, -0.45021573509476503, 0.772739776717289, -0.13879776581965178, -0.4750315515932637, -0.6443603390507204, 0.07738435804122763, 0.10220095777359756, 0.9986913051840512, 1.4561787356192075, -0.47993549147373527, -0.16192446123587823, 0.45483560079962665, -0.07345950485485814, 1.064909019186853, 0.9895079679636348, 0.6545269844867831, 0.5367225989112689, 0.4236479762752213, -0.5141639211127352, -0.44108770946204934, -0.10680990381412453, -0.25938352591745284, -0.4558635780996779, -0.5328360192853477, -1.164249082035564
-0.3545299225439156, -0.3186235825130581, 0.04173455843578748, 1.0923036716825811, -0.25068952222702806, -0.8475081091559956, -0.13652998758985896, -0.08510346153853883, -0.24348489016449246, -0.11960146407122271, -0.11790991098077708, -1.7505629810788894, -1.1166671959873762, -0.037770636967186265, 0.4363540601652128, 0.49593907038920537, -0.3689570764010668, -0.03189051602364016, 2.890585281422666, 0.24329061221980944, 0.7696348492227936, 0.7987045335070638, 0.11576176433744867, 0.35082387902124285, 0.01595590296707221, 0.01920426878975976, 0.03131614742286233, -0.09409725654364717, -0.5989047315830699, 0.11698482577447836, 0.16038858712929233, -0.907790220427810
-0.32697736703356217, -0.20794624720295798, 0.07696568921746992, 0.21149340424501925, -0.12515348439734203, -0.3620186049502118, -0.1543975453357561, -0.14543658920295952, -0.21643921322813053, -0.030852519937124345, -0.17508395351460368, -0.7948771477915945, -0.6703814117211496, -0.20118941974150614, -1.1432343901787614, -0.4364061073357894, -0.19699762262102335, -0.41939812615747996, 0.637143970213467, 0.26929793873022495, 0.628285824208624, 0.9968893756928345, 0.046128424269453475, -0.04665035385274291, -0.3338026947052345, -0.4583384605667236, -0.31730901841661435, -1.0791799332067349, -0.6573863589663824, 0.36569891095564394, 0.21536239722672118, -0.892361903323845
-0.23286756976362794, 0.09528990943317413, -0.047758456011443365, -1.6470797143677818, -0.44557258152168344, -0.44752087805852614, -0.4113346244504378, -0.5367927400457534, -0.39932865249027644, 0.0898335609165473, -0.33577936695592503, 0.7541075209919346, 0.44180274419753895, -0.5176424408911549, -1.4397352639868235, -0.5607568814539128, -0.21471724571618958, -0.3003087270154003, -1.0982757339784106, 0.14198752582629076, 0.5391938357650302, 0.6990125368032664, 0.22172172981399757, -0.13800516970797633, -1.240059985234129, -2.6788522265167036, -1.6817664151924459, -1.7610126749930963, -0.0016613467725487858, 0.15068833548875205, -0.4145177491405176, -0.760455186164124
-0.11860351739486553, 0.08569520771808646, 0.20793896115231694, 0.27061328281090885, -0.7742040151843956, -0.6506409981445813, -0.3801065448275428, -0.48444167924407844, -0.06894997769535215, 0.24569206280385578, 0.01748025100933472, 1.039033646324739, 0.27203376614092367, -0.5595317779290959, -1.2448360131819822, 0.2763497630165449, 0.049890585262518716, -0.3972103329335012, -1.4997527778260829, -0.17980259671754653, 0.2321204820272829, 0.08372133909423939, -0.12030051014260398, -0.4645576718149502, -2.9028225960457887, -2.89906230465379, -1.7803081126592284, -1.6547461930003708, 0.3890713995452284, -0.3206019456322678, -0.8841385099233795, -0.0369189098482897
-0.09211795975097872, -0.008960265960454546, -0.5031585874226839, 0.795526024802837, -0.33837659412919163, 0.05352375725530957, 0.04514490506316673, -0.33495303608149474, -0.8852180446238169, 0.1331031171100117, 0.3133699392714313, 1.482300129910475, -0.26528782140916574, -0.6436292157044019, 0.0029462103405421664, 0.6058611194131956, 0.013183244406753343, -0.1234130056111491, -0.779129975208106, -0.3079142251329671, 0.007845715953776089, -1.4200093090824693, -0.7815441047873835, -1.0819425672288296, -2.6277438067790437, -1.1356948730653924, -0.9260429289986837, -0.31547498998329176, 0.35126734505273094, -0.15829929524721897, -0.5484897870103514, 0.1509125280259614
-0.2096608608963973, 0.003227340311270925, 0.028836163035886504, 1.4948381809090183, 0.18412117202873876, 0.32698370830423185, 0.33376599235759363, -0.22348942353978782, -0.958956715751639, -0.25790604784094945, -0.017710888008241433, 1.5479589652097545, 0.1274863811146598, -0.5166846389161879, 0.20510586347850912, 0.9063045054352579, -0.3935321228939388, -0.08304151606271871, 1.644231221478534, -0.2336191823241603, -0.30628078115429686, -2.1159714835080936, -1.0646731828771907, -1.1274158664221974, -2.191374768050707, -0.29458958980286615, -0.1653836855358299, 0.8547596613704571, 1.0718767044651547, 0.15700045968810963, -0.7310373363114918, 0.3221816431842791
-0.18699118207125323, 0.2544559558795849, 0.1172009256006407, -0.5914235346542253, 0.5410005101678825, 0.050663790628829135, 0.1308326682564947, 0.43959265868874414, 0.19447327873230993, -0.3443565375304772, -0.30763654501035426, 0.34002649839034566, 0.4703986664848161, -0.5390341204725482, -0.38798431464280714, 0.4582431034706893, -0.4878374502439592, -0.007394754844472267, -0.7440778515098955, -0.019026075482881172, -0.6130750674011214, -2.211005941417524, -0.8080512390754585, -1.3360183908657133, -2.5684971517111674, 0.5417278614148081, 0.6287634557292217, 1.5545753103017435, 1.6241785779465876, -0.001616629354312172, -0.6156256327282554, -0.3568088409277961
-0.43593897645384566, -0.11507770810609198, -0.19609333909909585, 0.401986280679816, -0.705643258090683, -0.7244788145897246, 0.21086443506076252, 0.6466931645175797, -0.3160050321543255, -0.2849272269402021, 0.08580710706545909, -3.3205281463153695, -1.8319368133437386, -0.005192071262239125, 0.6736514793511915, 0.8394090535095925, -0.6370622323208777, -0.19953398097856073, -1.8757040260159685, -0.4163571012710338, 1.119049829863793, 0.8845722892843995, -0.13015593482999635, 0.17268494792799785, -0.2648290116995531, -0.4478768796274501, 0.43637641095838137, 0.10878158541523034, -0.7769165774377298, -1.329626391574247, -0.010192460376740119, -0.2282118016308876
-0.28467040530401766, -0.009717143570982543, 0.05885968082582554, -0.570951119056682, -0.28913086554516354, -0.017033676442915497, 0.5240837767651403, 0.8772207643250313, -1.2744460928964756, -0.2118244228897981, -0.5329909253998402, -2.1574480249464183, -0.768376994861909, -0.04247728507705891, -0.11815965542788574, -0.11711757893904805, -0.3546141153714843, -0.42897824095621695, 0.4777995714941871, -0.0868256585304727, 1.1282054381530777, -0.029066334108045672, 0.09346943503548595, 0.16808042564357872, -0.04116348427568792, 1.2553498644756411, 0.6926459213040473, -0.18457471626298383, -1.4277949965665138, -1.3440331033910704, 0.8080558575940021, -0.34262747686631
-0.4235305385047505, -0.09771066174101313, -0.1173904978254346, -0.35451588684134966, -0.281923516958676, -0.22687164835110185, 0.14195532746345077, 0.15236442220972374, -0.6282597622685329, -0.2411202638159883, -0.29000799027476637, -1.7425555840845166, -0.6671472894316305, -0.22702708920645076, -0.380830201281659, -0.47744676709586414, -0.21642744781285092, 0.13741805775934354, 1.0370966590284947, 0.34265766266594727, 0.6158440876803055, -0.7189979787621863, 0.011352986395001333, -0.007358321767142175, -0.6605121780451843, 0.3229393627282857, 0.37164724558015266, -1.275176258179141, -1.3840160529324004, -0.7579490791889717, 0.9517864169752933, 0.03616276078669919
-0.40722354779407643, 0.01132746765905043, 0.6603807535685692, -0.07098120585118979, -0.4812830832081343, 0.09342138350270382, -0.09242659954844451, -0.15413126486114784, -0.5218474482109053, -0.0367201780893451, -0.6968001612526784, 0.5372311222232766, 1.0810122632205528, -0.6048288913301307, 0.0019160117630772527, 0.11103012169687658, -0.2141187716714142, 0.3821161488790809, 3.137375697495597, 0.5117383823794273, 0.25252219891758604, -1.4027797767931725, 0.0646974230293883, 6.414620864475426e-05, -1.6869981744677556, -1.417602414586446, -0.89592205292736, -1.2570981090998765, -0.3749623487947561, -1.1903597460243012, -0.3860917224577637, 0.0559565541699536
-0.22533507236952535, 0.07269528709577955, 0.2566485340747955, -0.33425949911453623, -0.7460052297186162, -0.16746992737902994, -0.250172592819304, -0.2767335460972622, -0.15401246811570007, 0.0202480296885795, 0.03235694491348313, 0.48518610068851176, 0.42112601813521794, -0.6345815126465261, 0.14632495042359064, 0.8760127285353471, -0.007006079009156963, 0.2613404015232866, 1.2457320539183916, 0.24295099189642447, -0.22692128819437668, -1.323850710265844, -0.36488867896355365, -0.5924314998326855, -2.9081861697639804, -2.09794359601011, -1.0698690080263293, -0.7271241705546081, -0.2295484699940361, -1.0931736087355828, -0.4047754793326487, 0.1982498697543639
-0.24096740777385292, 0.12661727248270296, 0.0589413425122019, -0.37041894231743305, 0.044211749609919596, 0.33213630577256403, -0.2884388586767445, -0.30915635240448935, -0.6159774167148919, -0.18276227734458356, 0.30077482674658385, 0.8333869066378048, -0.12533089271244827, -0.7614808760522616, 0.5933851033208726, 0.8543862823051293, -0.14219928106134763, 0.1828097436528287, 0.9394398446613632, -0.1211242509431898, -0.5160638639053838, -2.374199642816217, -1.414798853458764, -1.3679001169591039, -2.0344901452925, 0.483998592986936, 0.5744852315921165, -0.011312558937135831, -1.3655031125574055, -1.14291278159715, 0.343251010535604, 0.666485048174752
-0.20087507622342043, 0.1345357427448028, -0.10681937791982157, 0.2207234952954992, 0.5635079499122794, 0.26810020679612523, 0.06477079657232787, -0.3900485827926908, -0.5601379400595253, -0.34628380256451113, 0.1500072413680196, 0.9088023751349942, 0.06834158876957566, -0.6700472717407541, 1.0613662184695563, 0.6952678983609929, -0.32982780819811564, 0.2694038416503413, 1.8700408665069075, 0.06166048669536672, -0.5944389441959572, -3.1496025622620385, -2.20053725534744, -1.410560408829557, -1.485058200270974, 3.317051221833168, 1.7957155061356587, 1.1247075323733908, -1.267535466076511, -1.002674471712473, 1.1637916527935448, 0.539537107710126
-0.3956376346868761, 0.20417498779461363, 0.2968934442148589, 0.04054774498404133, 0.8214640325135194, 0.11062872496707267, -0.5061895266878178, 0.02620023771022625, 0.9793021251385886, -0.38888920318040976, -0.4299040503761495, -0.25643815415380805, 0.8240267964031759, -0.6022981008002147, 0.7475882291940157, 0.36737156304323476, -0.45292604283474913, 0.3382971094874682, 2.92950302641398, 0.2725891028184354, -0.8228244898357969, -3.14789433779219, -1.6261505779520642, -1.5506088856701383, -1.6392159194317646, 4.346313456557243, 2.403493298017498, 1.1215079287290086, -0.9743003704629946, -0.4826598734987155, 1.1088249627515483, -0.2420350402319256