2.1455539438980367, 2.697140504077156, 3.2367841495595613, 3.3254771985474454, 3.290215650349223, 3.08626517245523, 2.778255996725039, 2.725801689456673, 2.3279556901836793, 2.95392144978108, 3.31833754274999, 3.2712442944382385, 3.098089709768671, 2.68192653229097, 2.3536124794815625, 2.218959155088334, 2.468941884861035, 3.0630642393069247, 3.33139083043514, 3.1155988193250863, 2.7223552357225134, 2.1315948038942514, 1.892289361531732, 1.753216082031841, 2.740625694676141, 3.2127166603357624, 3.3948546770864647, 3.0315555504300535, 2.5365180944910675, 2.109547863735486, 1.9706760729793906, 1.8614065845154497, 2.915942150469066, 3.2238464721481135, 3.4600874176528222, 3.2499454049071423, 2.862453637740262, 2.5488901449083525, 2.571675224770457, 2.4969904379952386, 2.586231166725014, 3.0367797859321994, 3.4143194979757245, 3.47858272933914, 3.335445426528088, 3.398491557744516, 3.4417493758176145, 3.3899912410350215, 2.4441109627573487, 2.8609366088852406, 3.1045307540191516, 3.0721406114644205, 3.3277200483437634, 3.881917542845499, 4.156476472898634, 3.9396690339728035, 2.4099345868211004, 2.653562933772461, 2.8563400286126965, 2.9520262999510636, 3.3415054908935424, 3.946379205550214, 4.312832695332351, 4.19587493064818
-0.12260246468297062, -0.1322757172625924, -0.16606908214171806, -0.25544559495972946, -0.10141460772005585, -0.13663814987695572, -0.15990121700271812, -0.1459550044613356, -0.2316587761003701, -0.1613701509709366, -0.2910763120066984, -0.2676602363119402, -0.2616124351037741, -0.2054745702764113, -0.2673491855386163, -0.23348404084193075, -0.1893808443902308, -0.148714530075203, -0.14897988797718584, -0.16042166952446463, -0.14602070991052435, -0.1348354139577049, -0.24901510777574407, -0.12739051099997076, -0.29524737562421904, -0.26244445574374986, -0.2564897397858469, -0.2539028961034163, -0.26617646239517734, -0.2922867994372691, -0.25568898499114295, -0.17935874145494024, -0.24231076965441184, -0.11939411231557892, -0.14580781356072176, -0.14363779927178366, -0.2257671021461408, -0.06828783059396575, -0.11427359536232955, -0.21134304065679688, -0.22768811356283716, -0.3056836960862126, -0.1813415190421736, -0.17620263601413516, -0.15371668224782514, -0.2618223255441881, -0.24487190632326297, -0.09969784852060305, -0.19893837217769006, -0.2570150671466795, -0.19209678888316448, -0.09388237363750243, -0.12609997287521596, -0.1330765350822903, -0.19927151622364014, -0.1009102132141014, -0.1178030962364509, -0.15538092373941206, -0.13087003596022515, -0.2050129765513352, -0.15263580993639297, -0.1093362457016025, -0.1440092027202902, -0.1821639794259049
-1.4965469785159495, -1.7935776467926485, -2.018808828581813, -1.9120779882926724, -2.262008290849942, -2.3279056907334432, -1.8720511483916382, -1.4055934381442792, -1.882717393242736, -2.397659397096994, -2.7499131083375317, -2.6531080364579864, -2.8380643993309644, -2.7215232922518107, -2.2368024439913246, -1.7069661651830732, -2.4118296334845817, -2.6921519532179095, -2.7208586126266256, -2.5412120593725382, -2.705874407013598, -2.693246924548585, -2.433607593270025, -1.83039852403262, -2.8995329078154857, -2.827736130197421, -2.6082783533134015, -2.4029044053832678, -2.319465608009623, -2.0977077724455078, -1.860461509867343, -1.2271104965848671, -2.3942762237605657, -2.2397474197737917, -2.294161118997893, -2.186137341001325, -1.7589499319948965, -1.2232808065695582, -0.958343672797643, -0.32306911549493633, -1.2832213497526392, -1.3706884198393487, -1.6179931295616021, -1.7109453250560023, -1.5446491536755278, -1.3290910390190858, -0.8546845154895015, 0.055781632351586695, -0.6353423086848292, -0.734628933796917, -0.7722292448019576, -0.6393104343665249, -0.910012529479558, -1.1402592051784708, -0.607347975369956, 0.31970534425529457, -0.5764785025522187, -0.30899850596619943, -0.06567371100471278, 0.16391720299044002, -0.2623119324430016, -0.6683304683384832, -0.285739847504428, 0.539813124823472
-0.42098193709803433, -1.0180828409609826, -1.4118652346127634, -1.3941528025761414, -1.3791438102834765, -1.1908032507256527, -1.212207438999833, -1.325765956010093, -0.7779715305481054, -1.539716874895203, -2.020876538960849, -2.290732667218721, -2.434482645172167, -2.3405322156580244, -2.2670858979912674, -2.257952875076458, -1.457644859621906, -2.184874102282621, -2.6172043234038127, -2.980965730713192, -3.3163123956630787, -3.3556657688165155, -3.253397498180065, -3.0125989477855817, -2.2273237165036948, -2.8014031990475914, -3.0778682044179613, -3.21547564828052, -3.0876801061881904, -2.812797730560313, -2.6422921293525032, -2.301960085435501, -1.8744196041098284, -2.357757651268993, -2.6945972075552542, -2.490650933801122, -1.7244387914931203, -1.1711425794259231, -1.0081219233472003, -0.7686140594066215, -0.8546516238834839, -1.3236552151599552, -1.6253628363539945, -1.2943735506163854, -0.6608145148250096, -0.45494030790698636, -0.40299262939803177, -0.16000802374065345, -0.5605736959513563, -1.012835383870223, -1.1358226711720087, -0.7231179115736365, -0.39006905238696277, -0.6167972273898185, -0.54987186954343, -0.17000571871676734, -0.7061637752330664, -0.985014516628179, -0.8836255366156548, -0.3896005318094527, -0.23555010495260847, -0.5602988474572034, -0.5427406179380122, 0.02137975448319667
0.8319273729661638, 0.5175152618151334, 0.2504118468558848, 0.04083457771436732, 0.0779574835246589, 0.18526177856409848, 0.14637375804304753, 0.05749596632491924, 0.5203616569155002, 0.19627405485605232, -0.12736817526730357, -0.34281431551397396, -0.2359171924240865, 0.016881355785648307, 0.10340786762789182, 0.05123397099842226, 0.170709440227101, -0.2561551277959637, -0.7390946493144684, -0.9383850989827458, -0.6641033735283055, -0.1941801461711045, 0.05706648997842054, 0.05652926962910681, 0.18284086376498596, -0.33354477324601745, -0.8275528302882074, -0.890133075802552, -0.5364569104057615, -0.08851027070838814, 0.15032556259904156, 0.11119510484879248, 0.2854150151526483, -0.2189988531237906, -0.5545501250495374, -0.462860858162737, -0.149276065011121, 0.12838942670470158, 0.27031202582238417, 0.1814394954749724, 0.3298565575564025, -0.02540784922772371, -0.2611659089497925, -0.13395217630493308, 0.16935590677600468, 0.4121987607928193, 0.4041846973458488, 0.22686587077555628, 0.3056327150951285, 0.04830529030275275, -0.1590430487846272, -0.09901769553396472, 0.1449653106061404, 0.3554984635206534, 0.2673428461859352, 0.06771017252736702, 0.164591670032822, -0.10061070315134857, -0.27229255716957684, -0.2316372789050395, -0.05613629595002171, 0.10337277785961012, -0.004084142388338612, -0.1921680184492366
-1.916495830287638, -1.4371329504769357, -1.38054620386203, -1.1614932156146476, -0.8016125318210835, -0.2967250187541759, 0.03751907040810978, 0.2003198036391374, -2.0307827079788874, -1.551280044037522, -1.4675078309426979, -1.2490905488159594, -0.832032348909346, -0.29740737977109366, 0.07366081848152621, 0.3208188065807221, -1.9496314252488764, -1.423568227706559, -1.327916375742579, -1.167114073706072, -0.9024843523511454, -0.28110387158052746, 0.14323207069089158, 0.4796040384528971, -2.151133555687148, -1.6088196890483057, -1.4025735944132343, -1.2083153925905896, -1.0267380919056528, -0.39175300900566906, -0.008291348530334938, 0.28877068123956334, -2.0593697959350052, -1.6054738245070017, -1.324870539751836, -1.1322140154535905, -0.9076299722616131, -0.38408670671462747, -0.059800568210687646, 0.24037983893044543, -1.9404738570491549, -1.5410261067244682, -1.0966110430930613, -0.9103749373213884, -0.6973354212434667, -0.2999990547902121, 0.0009492024910959544, 0.2747755963698785, -1.752170907274122, -1.3292521505205925, -0.9739427963311938, -0.6226316369625586, -0.4056539633847203, -0.13923896901773894, 0.0024736963217797205, 0.1903204916727426, -1.3911873873729155, -0.9646939690378804, -0.6164704602247545, -0.32840338345968256, -0.1376317385194371, -0.0030461739834928, 0.02458482420881277, 0.1667734622979980
-0.29334683902649566, -0.27789090759251456, -0.2454204087060646, -0.29035415841085743, -0.11367874831813306, 0.12451714512267036, 0.22406697875226467, 0.16259346491217738, -0.8791087100234874, -0.8300903609079786, -0.7449030025148764, -0.5833383334336851, -0.20087099933446445, 0.18883165636527485, 0.36172214813524756, 0.32351823478508046, -1.1801463363322673, -1.1629356316699315, -1.0495693656836653, -0.7020993389073379, -0.19506795488956297, 0.27171826484034, 0.5415614669863535, 0.5321400469568464, -1.0017727326228063, -0.9967113571900021, -0.9007365882598677, -0.5725896073031957, -0.20668402097727348, 0.18491923238297867, 0.5324524947469964, 0.5966409336236238, -1.0044509133439397, -0.9695197399083925, -0.8156869073395739, -0.5946045755352788, -0.39535894781486947, -0.05173904065401292, 0.3423691833583082, 0.42046459895524835, -1.1144510051835719, -1.0376292705818806, -0.8547512654620723, -0.6242776645254304, -0.42571083711114616, -0.03265574454525945, 0.3092504661612461, 0.3244884494609376, -0.718739210698909, -0.6790374540231321, -0.5388200796959645, -0.35546912997411756, -0.23285668489117778, 0.06437376804491662, 0.2648937086949381, 0.16547672161134436, -0.2632514617258466, -0.22448542138117256, -0.19385106910309735, -0.1407343983788464, -0.10113351099604466, 0.01185162738013627, 0.09883850926512866, -0.0819735229681907
0.44363594274096774, 0.3928555256128085, 0.17570262552667948, -0.23550248991666725, -0.43257215415196415, -0.23581473957864865, 0.13561199575277325, 0.3402555027016364, -0.6333530749481516, -0.5919969572564929, -0.5906205614991391, -0.5157981130005035, -0.12376937786712561, 0.5151009709085327, 1.121935267606182, 1.403326183677095, -1.3713663499335924, -1.2753222083991231, -1.0833715816548923, -0.4937297172556738, 0.42413635833741886, 1.3104356064745397, 2.059238608510933, 2.399992868416072, -1.177434597199622, -1.1210689107307086, -0.8664720851607828, -0.1837043986119446, 0.584935591623579, 1.169389776011687, 1.863650107778732, 2.25668296687633, -1.2894236413093543, -1.2836976630617942, -1.0032535918486922, -0.5316316346180805, -0.16455827893722486, 0.22069645079947683, 0.9060871770533855, 1.3576823586750297, -1.4138207510735852, -1.3195466928516164, -1.1010303628299039, -0.8144931429066499, -0.5229493397862767, -0.042866195258465016, 0.5634284924730643, 0.8369084449219635, -0.5977576883756469, -0.4820415678274422, -0.4746464551766196, -0.47371474565710053, -0.3364608685771929, 0.10009458910272442, 0.42262084069347666, 0.3807328202837914, 0.5101897805235591, 0.484082375193172, 0.20986114796396885, -0.11240961514383956, -0.17360551788397263, 0.04295614468866106, 0.026049043684872715, -0.254797252029582
-0.22575529246480824, -0.1699840097779722, -0.10664678990668594, -0.1017002575130165, -0.06579180910163923, 0.0012210146814593786, 0.09746153983137633, 0.19732014636952944, -0.44684903647980495, -0.35515929041102484, -0.19016616195268965, -0.0533407359614365, 0.1386929959165652, 0.37351629117290097, 0.5640018440381421, 0.6927345577225497, -0.5372128635328404, -0.49589279641536793, -0.30662343315372864, -0.0449938872972137, 0.29903739841002064, 0.6920466294513116, 0.9932468490176607, 1.150606526519492, -0.4205681336412766, -0.46378311408740575, -0.3238877762249808, -0.041637502661776335, 0.2566585485746006, 0.6153999429989342, 0.9595518124743606, 1.1052790673579238, -0.45886863488688207, -0.504279887771865, -0.36772347300387753, -0.14973074451373045, 0.011755839581037994, 0.2690540091379699, 0.6117174039832141, 0.7299190870411837, -0.37972327631598196, -0.42889800045639426, -0.31424141026126967, -0.16428016230855452, -0.050083617663830744, 0.1218949424301582, 0.32743079314830204, 0.3774680639897743, -0.0829192391438778, -0.17337447641026493, -0.17742675016715254, -0.18476213082118853, -0.12020700299397519, 0.019351688428430498, 0.11371476203481316, 0.09331176877338612, 0.1817025162149131, 0.0507065163692316, -0.05661299413286412, -0.1704848740290818, -0.16863778815978755, -0.0880436908819279, -0.05316902084002943, -0.103025340448560
-1.2234498860109568, -1.3651835676238004, -1.280131577449201, -0.7823316908602983, -0.17233009326049958, 0.29313654884932566, 0.5533074383662916, 0.7823838788507389, -0.40257953146090486, -0.5287921696016388, -0.5137549903505044, -0.24539795302579434, 0.06214487487395274, 0.26782370642486836, 0.413914083619896, 0.6125113205139874, 0.18618833134300428, 0.12158199423654496, 0.10806469747180254, 0.13086258863322042, 0.15692661028270533, 0.21949013534038056, 0.28773209839900266, 0.44108856251388523, 0.08766015992476088, 0.0773789444689175, 0.039794215012416284, -0.03224512316529124, 0.11248050287928013, 0.3900782749204961, 0.46237830717501427, 0.5685331262813272, 0.213045846325643, 0.17688231942169852, 0.026331741744632143, -0.03223046943698062, 0.31209241862336895, 0.688736663432566, 0.6973688742335115, 0.7464549800181829, 0.4368883025299845, 0.3101116465317572, 0.07249852705202894, -0.047462676567043685, 0.15139989580069202, 0.3129431918817658, 0.29440510537097947, 0.441244809538122, 0.12416411519296162, -0.03769824542004, -0.2431179437728672, -0.31981514825509, -0.21052013507720577, -0.19649998124631704, -0.12513140768929473, 0.21837821615529768, -0.4125080250190369, -0.5316260228418748, -0.6024408484554732, -0.5351741360762768, -0.3986044693767485, -0.3354131238816249, -0.08109478034958352, 0.4027333644695463
-0.0513469004528182, -0.1161836885732966, -0.1091119532234583, -0.21228728750522893, -0.010693177203695056, 0.0429362855575363, -0.10033851677441906, -0.12045617041252764, -0.1571517113757007, -0.016056982740248252, -0.007322539766654913, -0.025458781278247224, 0.05706393355211652, -0.03624569009735381, -0.15973694222469595, -0.15745156050461195, -0.10376388341914944, -0.004891676822437227, -0.05902649119153423, -0.07967128466675609, -0.04787286894697737, 0.014277218764389601, -0.009042709850177919, -0.06886221106457269, -0.030329388254891395, -0.013981855743565379, -0.11785119561733716, -0.12886575740853115, -0.03830038636766186, -0.06825914833193122, -0.05547221077471765, -0.12625371807261745, 0.000896582922428176, -0.13703391349526214, 0.025616775018920047, -0.04780515572570832, -0.0687363347633821, -0.19642561250849233, -0.0773091046467083, -0.18087111511420184, -0.19017503198567337, -0.17306280082698883, -0.09380715367960313, 0.03757222823480624, -0.005565929318765429, 0.021734203000457846, -0.013172318324617618, -0.1533827175550556, -0.18815996719432937, -0.10546484723123281, -0.10757358488702959, -0.10431840241550089, -0.03951591943111646, 0.000562189442201759, -0.12062117317809055, -0.1722650972756205, -0.052514920979048696, -0.20035369956999094, -0.12106970174530762, -0.234150857944181, -0.0633721835540971, -0.029304882888597165, -0.10839199745576039, -0.2392720697265908
-2.1919290099572137, -1.551185042116498, -0.8248188036988167, -0.3439360971873768, 1.3494692975279898, 1.786889746895302, 0.38839572005476614, -0.9815078894178019, -1.5526461634322615, -0.3491258764546675, 0.6515876893498124, 1.029882017671293, 2.1275347519027634, 1.9597318848429346, 0.48332583024833775, -0.900648885762584, -0.5456588173862069, 0.20154403201325535, 0.4473215751431645, 0.4830401423421544, 1.4092363362885048, 1.5178761248186516, 0.6481521974331533, -0.7661585018434808, 0.29110993722935063, 0.20886900210441758, -0.017187531886498932, -0.04010424794119343, 0.4210448446608204, 0.3934187613620092, -0.15561924835499133, -1.652975252080172, -0.5241772900379914, -0.7454609615751341, -0.27867747187847636, 0.042242901012334695, 0.011775093050176783, -0.4392556655042272, -1.014778687429091, -2.6239226394674033, -2.308985435358336, -1.9439906080253213, -0.9776405377375996, -0.02685914618674783, 0.6590946134948111, 0.8518391076491587, -0.23342949789183398, -2.447870377657882, -3.0701155382552447, -2.704615588507761, -2.177140615145744, -1.6051980388999572, 0.04381789047666263, 1.1101526134695845, -0.12283362318743071, -2.362244459579551, -2.7678143634767824, -3.202782479192221, -3.314378043621084, -3.0315831822293315, -1.0695058470855996, 0.41311464190716807, -0.4424556535128918, -2.40204607534291
-0.2143050074986305, -0.18104085725093208, -0.08134682230008526, 0.15105826784780282, 0.2277462253474406, 0.2180651784618933, 0.16286459710399523, -0.058344893343086825, 0.044124129202868574, 0.00010169846131835971, 0.06773112448221308, 0.24541254838255633, 0.2952170360949989, 0.263518511780264, 0.13731258594359386, -0.13310370042397163, 0.12962171661312535, 0.10666690854943539, 0.18038317081260236, 0.3190261532546013, 0.33638565276962773, 0.25829924930710063, 0.008214782803768104, -0.3046571600958411, -0.05661117281979734, -0.07400991414358989, 0.010739503058162828, 0.1731241717566993, 0.2865069650242415, 0.22687118612744592, -0.04503180666422118, -0.3361258970066883, -0.26631946864407857, -0.2836435198746667, -0.26154903070823304, -0.06255004897719701, 0.2124493854779663, 0.27682484826009135, 0.053996715661389916, -0.1743814452939447, -0.4250366548531786, -0.5401835657349698, -0.5745175076316202, -0.35240575590459206, -0.006938223403422794, 0.09492638019052196, 0.0628923963049398, -0.037694027301622406, -0.7687976622429514, -0.9139951831809779, -0.8275906120792107, -0.43402732395237725, -0.10653082890906362, 0.008769499368537655, 0.1339244354571362, 0.10330473108547548, -1.296802512757375, -1.3225698123317884, -1.040873364066748, -0.5238657030561352, -0.23788486059004188, -0.074508308589338, 0.12388284373732396, 0.128463040266956
1.6811809482121274, 1.2955917407528779, 1.066026217471435, 1.348445956584061, 0.9943047885664993, 0.42378054859556213, 0.02797829111303729, -0.35599123256861315, 1.4222880573089276, 0.7340226057788627, 0.3530055889953593, 0.7490874961391972, 0.8179030795944574, 0.5971085407898762, 0.17091618440914597, -0.3146635688908856, 0.7714712521696675, 0.3013273697532161, 0.32627539580928117, 0.9374698851190651, 1.2455801216149582, 0.9708103659349033, 0.18008388393443422, -0.31663877937203216, -0.16785468448171112, -0.20652813967137887, 0.023612878995112992, 0.7124419658651959, 1.3327123009307114, 1.185729604569538, 0.3510216860899649, 0.01748017322428649, -0.5656282602778966, -0.6428624945047363, -0.8309920534581557, -0.2430540900371375, 0.7345421054649293, 0.9782464145855757, 0.46633133953606487, 0.4041917521337279, -0.638405936107988, -1.065520685677034, -1.438981566198674, -0.9368575583936989, -0.15800935257130058, -0.005789215468302223, 0.017484010673005493, 0.43074428014854504, -1.0040041949788576, -1.3176381024367416, -1.1983721820403122, -0.29523075954343936, 0.017235355110844702, -0.25067614019906254, -0.06200878634163676, 0.4764537665741434, -1.4753997208321552, -1.252812230579025, -0.5852151872325789, 0.49529767053305457, 0.6223925612142379, 0.03948692463930953, -0.04850898811283336, 0.3807037373614477
-0.4606378110223142, -0.7293235926252063, -0.9627896021235595, -1.1294512697929233, -1.191610535854626, -1.1229773089511228, -0.973376259064952, -0.8173576917034115, -0.2166514278362206, -0.46028459794761767, -0.8161013399401861, -1.0029851203627156, -1.0348376736644127, -0.9439024340975446, -0.8085542930977636, -0.7050421835235198, -0.11011345504262, -0.3707728203087396, -0.6835423494674003, -0.9119342381669094, -0.8912561962116279, -0.8250866682205981, -0.8189551296985061, -0.7253140071288813, 0.10133983410354282, -0.162913074667356, -0.5046068193194143, -0.8876555667493988, -1.045630457734313, -0.9559620420292291, -0.8800411154545383, -0.7745819230417612, 0.19098198196937133, -0.018651055521102508, -0.42291431305951765, -0.9793296410686402, -1.2054687371870392, -1.1773080322158902, -1.0945201919955547, -0.9268349560206819, 0.24230040479099604, -0.09349539461589174, -0.544453982444452, -1.044981124545221, -1.3581419446052145, -1.4123001818546057, -1.130771192139615, -0.950821671914524, 0.07466345026206027, -0.19034976195958486, -0.6016265114679856, -0.9876867793072498, -1.1933218553057978, -1.1623920094694178, -1.074759371797739, -0.9038520743663047, -0.06293920375336962, -0.22285335140400142, -0.5696134201091267, -0.9348195661806497, -1.0988705137973551, -1.0693788665717847, -0.8144260461924673, -0.554780851658096
-0.2633674660943424, -0.4757032121766937, -0.8328104251960482, -0.9028439274892479, -0.7897404255227156, -0.8250215772285159, -0.9221514435497192, -1.0365698704359234, -0.015738787957035268, -0.2433362292359455, -0.6223617336685486, -0.6767272894531623, -0.5900557408847609, -0.6288258897410377, -0.7434601564140875, -0.8669640794159189, 0.2294845042244782, -0.016171422849954042, -0.4106647619707914, -0.5432574672499653, -0.37851531119948006, -0.3357429157891294, -0.43280667654867677, -0.5373729843935939, 0.4503864797730461, 0.18213524095972, -0.26741664003831184, -0.6055919340863065, -0.5439836265175574, -0.3802249027459574, -0.3318864366100066, -0.3542870277374859, 0.48678995825599825, 0.25851423768903387, -0.21080487255671254, -0.6658595085457483, -0.7881731725028134, -0.5058732855750584, -0.3354284966932768, -0.3480964871363773, 0.3618701189941957, 0.13135337370791325, -0.28809441326649576, -0.6372015667671238, -0.6833970137489236, -0.4185469130590671, -0.18081347423461555, -0.19837878736914202, 0.388381172448032, 0.17202221510357113, -0.17454496878755957, -0.37638208589744165, -0.2276176707976943, -0.07191886811917994, 0.05425375568383808, 0.08335518942928674, 0.6386088532813591, 0.37358781024356064, 0.058012938556862015, -0.10753663926555733, 0.0035221373093007537, 0.08157422570413249, 0.13105039218757572, 0.1096201790774740
-0.25778333420528754, -0.4880587216318924, -0.5846958974781565, -0.4037607686890666, -0.1482099925108422, -0.16957206436849454, -0.4169048875288881, -0.6241785186337709, 0.04913495514452111, -0.18620743106426552, -0.3138538448421166, -0.14596981892201277, 0.18349010006021174, 0.2444877057381691, 0.0067529015889554135, -0.23692441143150964, 0.5906153880082592, 0.2996389399325281, 0.061138355951188404, 0.12373624826480831, 0.44645716181311434, 0.5599220896256932, 0.34806202824731103, 0.10624216556541093, 1.0752707740254606, 0.6815853842223398, 0.21768933746316207, 0.08155891120286445, 0.2904457804219377, 0.3858405487257107, 0.25925303783871717, 0.0876138626553216, 1.1866742625384203, 0.666090074500982, -0.01410084705584578, -0.35530082830117343, -0.2336025781190239, -0.08092280122217166, -0.03762210575160014, -0.08372581522420933, 1.1336866826373138, 0.5561018811838093, -0.18052060698784128, -0.5192055179844223, -0.34935596299321725, -0.07592720768335488, 0.07489564131029178, 0.0907613441991888, 1.1249747860887558, 0.6062640737166257, 0.0060205183566651825, -0.18324012612415355, 0.04376611817516264, 0.32055317685073675, 0.4414026363988967, 0.43455022210678174, 1.1082215964243127, 0.6661701459413256, 0.19400759710518287, 0.10496129120659474, 0.3676504380126348, 0.5862903737589532, 0.6050737027051409, 0.54335158097109
-0.5543037588672312, -0.5999998635446276, -0.5618062530776945, -0.5368961236580378, -0.674454270485301, -0.7575812546532513, -0.8329380304292819, -0.7762811887529678, -0.38864163765835336, -0.45087099816228937, -0.4183550693775946, -0.4513947814106635, -0.5256631958059933, -0.6039268222355929, -0.7122108251687241, -0.7484690449594712, -0.4391302167074488, -0.4136906478428177, -0.4298672344415024, -0.372343199673868, -0.5130471432203558, -0.6364207889394505, -0.580295843910638, -0.7421580200648923, -0.5458824713394547, -0.5695053713436289, -0.38573947002175185, -0.35021678532192957, -0.430341777180506, -0.6491058586164197, -0.5748398586588503, -0.5792843397535066, -0.610307780654735, -0.5455524636850712, -0.4419388705467439, -0.37574159421385034, -0.4254579001962866, -0.5131385483481525, -0.5916484622839806, -0.5419251357775431, -0.6231706367882018, -0.45773586257514404, -0.30679834550502505, -0.3502536300371091, -0.43453533585218973, -0.4588279095429731, -0.5299337022754014, -0.5301034139091483, -0.5652731374320574, -0.38605062427277526, -0.4326812050178546, -0.2131119936768848, -0.4218655747542668, -0.504940811611382, -0.4592823831427038, -0.5134580235297712, -0.45637909970008866, -0.4078389157324599, -0.1984763199963642, -0.20202907907354267, -0.19645432979833286, -0.2508340295935638, -0.45162014427674674, -0.34893524404841
-3.0101305440805857, -3.0286719647169615, -2.9408751421446313, -2.696946289986994, -2.8992134755812042, -2.9189704514427475, -2.68758893683223, -2.2055914215055505, -2.8438270848275757, -2.9057662208828057, -2.775629175166068, -2.624845919941177, -2.861640128686339, -2.990258890519112, -2.9168251766596636, -2.5639052874198516, -2.777071361932289, -2.695445819702125, -2.277178152428434, -2.0778680655572104, -2.658360378671368, -3.155689024011489, -3.2208666310482235, -2.968533063985538, -3.0802258901659103, -2.644017589046493, -2.048976125427613, -1.841591041487581, -2.286573256849699, -2.699013604632198, -2.8437858342274307, -2.381253145711669, -2.9916886428609675, -2.33515218079778, -1.878140262381877, -1.730642424968926, -1.8275507368109654, -1.9066525539417414, -2.09025291233927, -1.6084030400916396, -2.322603840128846, -1.8822597177300862, -1.4883494474406402, -1.429305650737339, -1.5943915022839197, -1.6590035753387808, -1.670223054842183, -1.2389871892887694, -1.8753144851505137, -1.5070211269153349, -1.1323990625328337, -0.8582084024938844, -1.0503507050637337, -1.3183188744510288, -1.352483155629045, -0.8003495972340674, -1.701509321277043, -1.2355767608654316, -0.6122125167012831, -0.1690253132516452, -0.3073918363517741, -0.6516361324408659, -0.6845039178375458, -0.2076840793554976
-0.11924856196458274, -0.0724637696535106, -0.017451700989116775, 0.06230216281700222, 0.06403417424577978, -0.046068011258648775, -0.14429400904093165, -0.1785036268328743, -0.1888551125608603, -0.13283786611046744, -0.09580098803691525, -0.0309149016298342, -0.022848074826168997, -0.08707540142853007, -0.12698818462726785, -0.15259959426901143, -0.24973743548768867, -0.21137824898683027, -0.19587993254985397, -0.15280459049189635, -0.1333496315528923, -0.13091530519375702, -0.09410829291767833, -0.08714000615131316, -0.2711065852943821, -0.23993702276796333, -0.24898430662081306, -0.24125034890535046, -0.24569011434034088, -0.21771446131581235, -0.11412714205425786, -0.06362324394675245, -0.21119855473433127, -0.17069486928824132, -0.17941525346252413, -0.209919421873618, -0.263192243050137, -0.24600454232227248, -0.12248856011463033, -0.03462618599210297, -0.12451298353731546, -0.10947887704097294, -0.11744339508915105, -0.15421191141001864, -0.1934384796911677, -0.1614025479476388, -0.05597915953067586, 0.02574780181124887, -0.034226604857252575, -0.042099723986895536, -0.07009894133467005, -0.09923669829354832, -0.1133196338470951, -0.09341722497379783, -0.03165317527911426, 0.03182979641773796, 0.035390013670853045, 0.008480557409026245, -0.014175739152788039, -0.03328961428283679, -0.0543038430413197, -0.08519109345788516, -0.05319926689228763, -0.02095635457979231
-5.335982266583132, -3.1971949717135346, -0.3670049903448309, 0.5965811628240687, -0.48303118755768615, -2.0094449778077186, -2.5235494084174914, -2.32395650603206, -3.7888344582870417, -1.6217630549305688, 1.3696094069281124, 2.7082120144232262, 1.6874485735619449, -0.014438028198917655, -0.9212610109300357, -0.9506318066305671, -2.856883551126435, -0.8486566078875785, 2.1608275331849054, 3.5216141583277745, 2.603112354079661, 0.964231560904567, -0.1707533638794607, -0.5185102385915702, -2.3604058139708686, -0.6802047118434954, 1.7106631263291354, 2.75539219173747, 1.955088326689741, 0.6210425651726932, -0.5418615095307496, -0.9743618071186337, -2.0297543450619653, -0.9513427050303926, 0.6345407120934402, 1.0588857697947036, 0.21424467702722808, -0.977207886477944, -1.6381929467532412, -1.7160662191017229, -1.1861077880661837, -0.42903109018226804, 0.4088300476038805, 0.12373779404961457, -0.7992200769262351, -1.891441041579806, -2.170365764160754, -1.8943130439740516, -0.5453398811212508, 0.3524677633716407, 1.324149112950688, 0.9553001514111084, -0.10523139680249032, -1.1270024746404312, -1.3907471145947836, -1.0889944593311998, -0.16683629375143355, 0.8125652631950819, 2.03009120494179, 2.0123043389664925, 1.020116912757676, 0.09451828057064106, -0.19617052200187687, -0.01954240069643989
0.9356644572161364, 1.0206814631973669, 0.8197397338216772, 0.5175722025191208, 0.5579908692150584, 0.5923444979545961, 0.786440737493559, 0.7852520823107937, 0.7953054902541493, 0.9338000352626146, 0.8617890829093986, 0.5798282360025993, 0.41055183497410197, 0.3261401629806207, 0.4309722242667539, 0.5656354844502499, 0.9112607334569154, 1.048262206717209, 0.8421407643551221, 0.520961166624788, 0.4485289380931946, 0.44680447577810606, 0.40940751512809787, 0.5554056339368856, 1.170898802950123, 1.2744508973969078, 1.1876071969518005, 1.0472040428211757, 0.8703807171116074, 0.6548357427213649, 0.45771517940086837, 0.192436168307058, 1.4836101191712225, 1.7554439378919726, 2.0313766754543643, 1.995489682088784, 1.5310232525826561, 0.9358409674502458, 0.3791963926790303, -0.277208119557487, 1.8259255133545562, 2.2495362207778915, 2.6676488684078126, 2.6076770172976893, 2.054188685018981, 1.0590839047686498, 0.1572814876218039, -0.6756395546942134, 1.9594900412975935, 2.3691681307786747, 2.8717985024064703, 2.6902103179236687, 1.9988478873442321, 0.8816332502706459, -0.20026121610053732, -0.9925804722732899, 2.038753856240444, 2.353849827863758, 2.4987263186376167, 2.057968377267089, 1.3809982170930404, 0.45646910614434794, -0.6083735495389202, -1.385478396601719
0.07085906200740341, -0.006721024295346348, -0.27747942420817856, -0.39963818312814975, -0.30120494314788443, -0.22756113282174414, -0.04849947765761391, -0.08388323199444478, -0.03819196361203495, -0.1506204848907827, -0.2850521682289625, -0.4289395200254081, -0.3280965207370684, -0.18963953066394273, 0.09053706722109224, 0.1260663099181231, -0.06469963909987919, -0.11215803962426457, -0.20010782528492788, -0.31627755474763064, -0.2555048404315376, -0.020310240705461124, 0.10135933195833084, 0.1263047840172847, -0.023715737494924255, 0.011927972289413575, 0.040628922181764955, -0.12252640525258145, -0.13687872516721594, -0.11673760329422328, -0.2270197601837766, -0.2883989298871306, 0.14956205258411143, 0.1786570060839886, 0.29730434084689333, 0.12202974377661162, -0.04018967736500074, -0.4171283537184435, -0.7956492644465233, -0.888910010678254, 0.5008333422674781, 0.45845922407442663, 0.4844268269641081, 0.35600333603631246, 0.05501642670542581, -0.6337555923124127, -1.2561257385476132, -1.9264890025566925, 0.49944269998181384, 0.5235038505592485, 0.5151712011639529, 0.1906595529967954, -0.19082640926054162, -1.0160262865240497, -2.062135347976327, -2.3768967262740683, 0.21633156375656473, 0.19153601526314643, 0.15643662753759244, -0.32542580794802867, -0.7792666591462692, -1.8790762968508434, -3.4738869136131685, -3.395979860984722
0.13589301228890863, -0.004448185905827529, -0.11703902524288082, -0.07572803722805185, -0.18408891801864893, -0.267292202715782, -0.21774755409090746, -0.12722967051526168, 0.05235835313657108, -0.18168621717846958, -0.3341095404937567, -0.24829464149107613, -0.2168098705669958, -0.15989577844757327, -0.06057407733297711, 0.0298696366842477, 0.007704117893579828, -0.1406170324285638, -0.19778914742003154, -0.09661899865979964, -0.08578873735441243, -0.07734237816305135, -0.034536513152065, 0.05127088108921294, 0.08436929337814553, 0.04732303446956843, -0.030832438161587806, -0.05336971135350167, -0.09594456377597836, -0.1476758609961859, -0.19117153105260343, -0.11321387139007708, 0.31806221870206475, 0.2422106230852952, -0.04587538212739852, -0.2683927832309044, -0.35796242972001185, -0.4595483180053364, -0.5779486035463008, -0.510545487548702, 0.46366541285557505, 0.27176670662244923, -0.14634036152076238, -0.5400489983113045, -0.8371995585084374, -1.1276834012563888, -1.249486522509803, -1.1374003618806474, 0.34206721832680836, 0.12855643022096802, -0.25622006868186703, -0.612477740092369, -1.0875626544161192, -1.5807740072357597, -1.7566984773522687, -1.649220864956642, 0.13364292919179332, 0.021314401618608952, -0.24591221273879615, -0.5591724890775054, -1.1068738070153978, -1.725370585639345, -2.006690072010386, -1.92562321441164
0.49007369008688406, 0.12835342988050208, -0.16501989095096795, -0.17632273428250567, -0.33776038743415576, -0.4083164948119203, -0.3687033011365269, -0.42331032546021563, 0.40419310032077277, -0.005317368808169882, -0.287364826218915, -0.20064040875089018, -0.2289543235462833, -0.20754276607533367, -0.12630976919882986, -0.2104121256548476, 0.240833606127773, -0.04306736537661068, -0.13027564250389226, -0.015913488190224808, -0.020236285314468104, -0.015477086325943938, -0.12177681202264357, -0.2908165674320648, 0.2200884887487382, 0.07953436044367093, -0.00619409188748479, -0.028728985085462188, -0.05488241218864572, -0.11719479083246796, -0.37618933685749034, -0.5964133067559567, 0.4227832220142753, 0.211007790086469, -0.1055828221957138, -0.3207489415946876, -0.46596373913768213, -0.6419576994398178, -0.9060952538773362, -1.0281989761993295, 0.6053545483173997, 0.20719942053091245, -0.3112708184470219, -0.7359000149264624, -1.187095418047643, -1.6470094763187302, -1.8934299131908519, -1.814428034036428, 0.45533294171489785, 0.028373290493563068, -0.4896695402571942, -0.9480885832666337, -1.6839647792517884, -2.459488502298043, -2.7275447862084685, -2.547532562716702, 0.16308345606491623, -0.14081128450760214, -0.5969595879248653, -1.0473421896381483, -1.8773515928866795, -2.7977200238390365, -3.0785408523254154, -2.880398376911856
0.5572761027677758, 0.4515127157166671, 0.36878218370199495, 0.25036219294645806, 0.16064031723297567, 0.03679719325750707, -0.030477515078712443, -0.0066116231145307985, 0.48849050586189086, 0.30768403996660765, 0.20531943987060206, 0.10477555264087489, 0.01320497771570207, -0.11450789805389967, -0.14590270080349932, -0.07574012152344622, 0.3338247391888267, 0.09111755319026284, 0.033175969143633646, -0.1145048005756704, -0.2245102053483029, -0.333514389253205, -0.28375252836093035, -0.13442213020562396, 0.11235347570883876, -0.16384574943593563, -0.2952334563807032, -0.4410105185675023, -0.5768128900223898, -0.6928151675767625, -0.6163467004016373, -0.44709035547728077, -0.03016135767789983, -0.3294819401083487, -0.5586798640728321, -0.7180634860930312, -0.9487867534995668, -1.189121436338341, -1.163506571430419, -1.0714309568720362, -0.16697162478294333, -0.4808132836952644, -0.7652148533541837, -1.074206541876669, -1.4923479052985356, -1.834456320631481, -1.9770772635453, -1.7462522093103565, -0.11373272130841879, -0.45069167277316047, -0.8756671827963932, -1.4403673004531368, -2.0328515058399184, -2.1690546767889822, -2.1822984081404537, -1.9970127560272768, -0.13715946109035004, -0.40808568414407326, -0.9344663052785618, -1.65445383330589, -2.1361922759992553, -2.1017915029587164, -1.9014318675869315, -1.82832019436817
0.5248889035026923, 0.5119314367872898, 0.5394647744164739, 0.5209236826610223, 0.4051532473247911, 0.30343217575610665, 0.2812809818924174, 0.2844909193204512, 0.6069273209738658, 0.5712290943305752, 0.5950575195912614, 0.5829615032878843, 0.436773608878982, 0.3100415560955454, 0.22283626751085717, 0.23335666240524297, 0.39517923326200655, 0.32278487070710177, 0.3848274351002414, 0.3910598968327336, 0.25942047337184543, 0.17138002542321584, 0.06956281158318797, 0.06674899406216406, -0.15339289570530523, -0.2076773534500922, -0.14095262688747393, -0.1199422770954917, -0.1226916850100266, -0.09194487579872422, -0.1545422004182266, -0.1413407454683253, -0.3731824235971694, -0.41062425221431076, -0.4733586689850689, -0.5032397405630668, -0.4606447002259774, -0.35098169327485335, -0.32027985154014077, -0.23706211549460204, -0.23217948670722463, -0.32605336592105205, -0.4363017767327573, -0.6040540246249577, -0.6980817273889348, -0.6032791084398768, -0.4831293854476641, -0.31188263150420387, -0.06112108999395488, -0.13074031898337055, -0.24328060557006842, -0.50077408534435, -0.6209535923948872, -0.4663474675371209, -0.23648538323175736, -0.005203043393342184, 0.10891578699275718, 0.10263271448887616, -0.0270550995383181, -0.24762097778705752, -0.3258870250837312, -0.08696786577894507, 0.28145186542960116, 0.553831129397673
0.4727188934495113, 0.6503686308716573, 0.828062630910767, 0.7215260432623319, 0.6452387532107777, 0.6734142475127355, 0.7424199375076038, 0.9114657988509589, 0.5226708500898655, 0.7336714458311456, 0.8744042014841866, 0.6428539210970893, 0.3938364764908487, 0.33605156465928265, 0.4826485849968807, 0.7154862734802552, 0.4440432685054842, 0.4939668451728931, 0.4273101340601981, 0.12448119728161437, -0.17327921547838868, -0.16609819938603104, 0.16760608371620467, 0.4635015282384825, 0.11968710018966836, -0.03368885021034904, -0.2420748615556479, -0.5642411717105408, -0.8393817560308312, -0.7339039944070259, -0.29858066577891257, 0.020556605075221255, -0.28215142831644, -0.49140856955090734, -0.676482269584123, -1.0052431199005005, -1.3116688541259243, -1.2089977796053983, -0.7695934733179817, -0.42198361052001465, -0.3699474603472443, -0.5186908017911455, -0.72660052648717, -1.124995107141075, -1.3787041188222524, -1.1459779292741472, -0.7161558934372091, -0.358404213074042, -0.07368099964149162, -0.23405688070347827, -0.5389995043914477, -1.0876902162634963, -1.1957057765738284, -0.6997316484595143, -0.14656564115863885, 0.30565302045094006, 0.3574335860327995, 0.09009073826487674, -0.30815727482608724, -0.8031811067544082, -0.7858029383744479, -0.1346774775629712, 0.5940079679175962, 1.088151962764575
0.2978119450651106, 0.26779282844844404, 0.16192793115826737, 0.07716570833846799, 0.12249694510438094, 0.2721766470780612, 0.4267161949787423, 0.5111689500334681, 0.4405649964146449, 0.35958439907050577, 0.19418829487495207, -0.01388067652105101, -0.08260422353071425, 0.058060894669013416, 0.23014165165608097, 0.3207410273899921, 0.5309718456212124, 0.39275005022508475, 0.13705621846373078, -0.236940575728238, -0.4085675348549671, -0.31481549974459255, -0.07208992617745685, 0.09901524631538357, 0.5859788768243178, 0.39413032716989443, 0.06413151295536823, -0.373784940802641, -0.6709572187681194, -0.6352650694683413, -0.29938236411404373, 0.0021694579480730646, 0.44577533200330016, 0.2401034908922008, -0.037536445896214375, -0.43421652135589006, -0.7303999629979544, -0.7092964773196111, -0.3333132915252624, 0.0059191109131277375, 0.14597354001361026, -0.024000176847812738, -0.28529160437848294, -0.5352878775318337, -0.6308107091447316, -0.5161262726429924, -0.13390404947453313, 0.16399059812609756, -0.15891699900823356, -0.29175247214321653, -0.5176338850231137, -0.5948021665023692, -0.5176474968925076, -0.3074373168126298, 0.07865609647614373, 0.34751704868626054, -0.3749850625405167, -0.47280494257439465, -0.625507598131372, -0.659548833150869, -0.49378780695583496, -0.20936737128903748, 0.14074032437392237, 0.392593662089208
0.20810828497251044, 0.37893600090213836, 0.4898678974565859, 0.34002353828986404, -0.1393886719925428, -0.4905854822736606, -0.44102560100030364, -0.3400875441062344, 0.030030389685940764, 0.16546214089439487, 0.20237926301137177, 0.019179503583489656, -0.37615151681825676, -0.5806209816154595, -0.45022397556556726, -0.3397033676936237, 0.09932007574526672, 0.17546286576311776, 0.0944074544962957, -0.15476439318498939, -0.548122450534982, -0.6931267278160905, -0.4838055941036585, -0.2791041736029296, 0.49189327583659465, 0.5015761168004255, 0.3055472439721421, -0.05561962841402503, -0.5209065384975567, -0.6249765786579538, -0.236475277725629, 0.11849697739970708, 0.670060156044218, 0.643739256232793, 0.3526273302290487, -0.07472856702351803, -0.4417877821289971, -0.3216493505122331, 0.2680126842782819, 0.7623352604089003, 0.3190213384491541, 0.22491535254110545, -0.047563126918858244, -0.2936654593878283, -0.38916776971006134, -0.07550148422494107, 0.6069150459289142, 1.0862696997519619, -0.3593238399961641, -0.4767097917839101, -0.6000051960243127, -0.5338467454937924, -0.5102089944866753, -0.29276176868211734, 0.23442452122067117, 0.5392942791748607, -0.9164260908149113, -1.011863584215456, -1.026395278837163, -0.8785932022326589, -0.8885444671753973, -0.8425471583011266, -0.5850792057130733, -0.3941572121037109
-0.07180054361144904, 0.1097481444804734, 0.2553933357368156, 0.07613747174956867, -0.39414952216808224, -0.782674698425517, -0.923982833765989, -0.9181519319775828, -0.07329122806121312, 0.05231979041119409, 0.1963866636441997, 0.0775764269570315, -0.3232511485726872, -0.6075859137952834, -0.6382723395226129, -0.5361603558939629, -0.004824337361770801, 0.07427297554175397, 0.27043136048155414, 0.264748787851919, -0.019622558653226204, -0.1804240085995227, -0.10034748793428373, 0.04763731518766154, 0.1051447373449923, 0.16301686594408465, 0.3761442711115481, 0.4402089458318412, 0.25303041570366236, 0.18627069095314605, 0.3175463385270778, 0.4460016792045951, 0.1379067006071554, 0.1930061266679213, 0.3668961924494838, 0.4171898002389081, 0.25449478970110373, 0.23171182895658357, 0.37228145771728716, 0.5072265362511453, 0.07302753453347265, 0.12075278814775156, 0.20652276843711298, 0.12930460803353191, -0.04390649398334384, -0.018446882781335747, 0.15580119194136094, 0.3366844242439001, -0.09390024082804664, -0.07482016720065715, -0.09336583771949583, -0.2908431229202865, -0.47328105730044634, -0.33856447595397815, -0.03507555175662683, 0.19679038040155533, -0.18856804561438462, -0.17794426964009552, -0.27421380622055763, -0.5115253291566803, -0.6779298566069151, -0.46113322640437643, -0.056077247488115926, 0.2034482069963223
0.8187093168851748, 0.5254440806510507, -0.06383759178165516, -0.6951030451775864, -0.9241871834797774, -0.8573468983487549, -0.7682819304615924, -0.7222647329083984, 1.1119263708901899, 0.910292794220992, 0.4079279129990854, -0.19866050070366315, -0.48478051278812884, -0.5161875463780806, -0.48895634091982865, -0.47874570371664504, 1.0951824315672984, 0.9443859166113194, 0.5381666887749267, 0.09374311455296923, -0.0756987060044448, -0.06261588972359425, 0.009119758477044437, 0.04468049955357474, 0.45920406724417273, 0.3658950569595495, 0.13773991203015074, -0.07925213931118204, -0.055411683982914434, 0.10764377348118687, 0.2921521409004583, 0.3772760759873348, -0.25563893102807406, -0.2585695205558866, -0.2635266894473029, -0.2883482342510927, -0.17532078430930073, 0.024611946372327345, 0.2183478497258365, 0.262953667612606, -0.501779206421966, -0.4052705956621004, -0.2998887481755179, -0.23402351701677468, -0.13026743788134607, -0.015204949269482912, 0.0717205752980458, 0.05826076468698144, -0.22764845197594769, -0.12648583519781378, -0.0708148389093096, -0.08057946406634395, -0.037627118406392025, -0.03051734487729761, -0.05749342305644711, -0.06701296930197134, 0.17817318649293193, 0.1956939488437474, 0.1934877756056539, 0.10515392651681331, 0.06846657955286975, -0.0016464400203078586, -0.06439387811168126, -0.0723836465280959
0.047207799032536524, -0.35740630506152815, -0.9916237231073378, -1.368068972282411, -1.388925635521191, -0.9382050867183369, -0.28797407003962106, 0.0855538521627323, 0.2702792128473377, -0.20205113053745824, -0.8429772742034367, -1.1987733611055078, -1.146556126238875, -0.7329275547881232, -0.2816420981467127, -0.0420138018195651, 0.6577558496502889, 0.3162673355504139, -0.17844428525688108, -0.4700836011808923, -0.4326814296729777, -0.2984086392167268, -0.26563889639354177, -0.24458721765274782, 0.9675697050289477, 0.8305281693374259, 0.5453448361119696, 0.38271304084751295, 0.37527398712941135, 0.16729596949897493, -0.22516584598951417, -0.39793205511186736, 0.818291618233075, 0.772183027261401, 0.6186943456653122, 0.6166551011465453, 0.6135360759042494, 0.2711561091468546, -0.284821732587281, -0.5460992742746469, 0.3457874068098056, 0.3368903225688932, 0.3098392601582899, 0.39028860194837905, 0.3820605729906501, 0.11750465225713418, -0.2562339217195407, -0.4608692905335864, -0.1437513307454376, -0.06866276091691345, 0.01786414965287305, 0.16746145544884383, 0.18915504213077167, 0.12843948409016806, 0.0020197013118842437, -0.13154459651810047, -0.4851685657618832, -0.30543002489285076, -0.19351598889006325, -0.032184471501209164, 0.06315731960469376, 0.17901242626320577, 0.1695963909819194, 0.0695448475334728