-6.938841133735735, -7.1567469283393965, 1.3634464126626151, -3.1152054692985853, -5.38090098125789, 4.85043937825678, 7.921868147055484, -7.452931238669184, -0.8725230258901331, -13.392171636241832, -3.945339749856241, -1.082203770697527, 10.799038372884198, 0.025363943943692412, 15.37813479740244, 0.0926405237751064
-0.2073162505901724, -0.47360412415433173, -0.6029336945225944, -1.9916398772660326, -0.5652596845004679, -0.15199329115189963, 0.4376609445570217, -0.5451232835972157, -0.1378685608367463, 0.2193107408091427, -1.3860036567853085, -0.747258991513567, -1.6231324655970651, -0.334866406805873, 0.14865690743780757, -0.622556561075897
-0.33446749723321123, -0.4595675271885386, -0.6231565297565127, -1.4109470275687321, -0.40183143464110743, -0.01603242453024066, 0.4009044838103373, -0.3259249517303015, -0.09528630062140225, -0.01589033641642675, -2.025049011852518, -1.201290305308057, -1.2901984898532532, -0.2981931028360779, 0.2011193463855102, -0.3428428793651638
-0.2865122950844818, -0.5151271341479599, -0.2886593506042153, -1.260596628913869, -0.5199533249486032, -0.1556841769194347, 0.3696809741397205, -0.4196552293620399, -0.329372335728119, -0.5191080987838308, -2.25663511136311, -0.04703168970864136, -0.2858904156547379, -0.13287449862154724, 2.4879755032865485, -0.144355915505487
-0.2259060983116974, -0.41257614898344525, -0.40047371305314505, -0.6388439779874603, -0.6488125677886468, -0.3818577646500037, 0.2457228026219287, -0.24706058381225604, -0.1709480264800475, -0.5691808291138678, -1.4215082365985674, -0.3252963127654154, 0.6432237323409014, -0.07660964856158514, 4.005742780735976, 0.374981080599471
-0.16943814801094245, -0.3612311747373552, -0.09387287007492574, -0.21684920977795769, -0.3669542005574266, -0.19908270962539457, 0.3748615633082184, -0.08503987751096494, -0.10466923012370531, -0.5871994809248577, -2.1190865108048036, 0.2549851969963973, 1.3737136062945012, -0.2782031778767349, 5.290000879052807, 0.44414253687890
-0.697699328631762, -0.4133812879481807, -0.04832764546286693, -0.19251181996325756, -0.45734815642544013, -0.1990291193237761, 0.4193402886165364, 0.04317241828178494, -0.07998441834709079, -0.2900615955382985, -1.5923079448433817, -0.4094453778097388, 1.8049741789672686, -0.22393297837279064, 5.826618824437288, 0.73209618539507
-0.9923325041721024, -0.4449225569084932, 0.34447259686871273, 0.24621410519152512, -0.49450561704657725, -0.09916991325909849, 0.39639159037742505, 0.19085502659802106, 0.12392238198993055, 0.3523481339445604, -1.236826479209434, -0.4950550177911556, 1.7811662721273638, -0.29956855051224346, 5.233001913743573, 0.4135791907612284
-1.0314160347975716, -0.2200919927166899, 0.12693238207455076, 0.4086873031565395, -0.4938133764099288, 0.030915556609894795, 0.5693815291541555, 0.2386204515130028, 0.31921499475123494, 0.3497658017577898, -0.6662188596866192, -0.7834593011332021, 1.7737657193132632, -0.41998266215581165, 4.031993387696346, 0.401612767653876
-0.1835747672994492, -0.5709844549543345, -0.6644334243108821, -2.3411566250219464, -0.46866852613087867, -0.14809111923835774, 0.5132945139641614, -0.5828128095429485, -0.07817959043305663, -0.15754036391448206, -1.4524966412191498, -0.632576523485279, -1.5723961432511513, -0.2677643540588376, -0.7024524299556256, -0.662776846674180
0.05795730906384061, -0.4705073807914286, -0.1354300296456077, -0.8356008588027135, -0.5404172337614529, -0.12883650457377377, 0.4905176511698603, -0.4856548856369255, -0.05724696709273471, -0.4643014767352412, -1.9655150008431561, -1.0535107625324251, -1.3602131411597471, 0.0996561298785515, -0.44680806073571916, -0.2754503186926290
0.37265378696549223, -0.6210466558056119, -0.21619880536524655, -1.5550895661510984, -0.48443106753853193, -0.04101465269093067, 0.38438843140127965, -0.5848084550741028, -0.24479994762244164, -0.1282889559497029, -2.137511558965317, 0.04699443955545707, -0.17994370484046635, -0.014066299391060893, 0.2989788869901229, 0.1307664467476212
0.4713071078839587, -0.4860580020426244, -0.10362142135193939, -0.8687331320646218, -0.44630749628435396, -0.26467644495822235, 0.4256815133445431, -0.6357936032496504, -0.300053869029191, -0.767479330594226, -1.6585572333589351, 0.17306318071247703, 0.9476694353981286, -0.11196627590937208, 2.5706866387122247, 0.3189790139062680
-0.5382935918196782, -0.25764121498460235, -0.018235792535847103, -0.28529317481271066, -0.32178888199778344, -0.4068039359729285, 0.49966306857342635, -0.30173378709961, -0.20085399556519004, -0.6316030847528583, -2.252629785586336, 0.07192088373350904, 1.614662884011825, -0.011891835004751725, 5.051256313541518, 0.706882692007958
-1.0470232307768523, -0.33712577839560315, 0.19933148365094766, 0.5000964998256042, -0.5008375038458582, -0.07628397704842592, 0.518617658513394, -0.14999912811157134, -0.15153401892260437, -0.36009473732761965, -2.2729366668064492, 0.1374595061050432, 1.917491456140863, -0.05465059460183434, 3.502824445990039, 0.4550432976896449
-0.9198081260789268, -0.32319300518972305, 0.4572476012667007, 0.15005129204633158, -0.5106470491074693, 0.10482132165505885, 0.45133427419393396, 0.005542692764584558, 0.08505265915220028, 0.11858321193445051, -1.4336202741683972, -0.20421872381837258, 1.2666475295418507, -0.24047168314599313, 2.290714072281503, 0.4331429044314215
-0.8161846907036562, -0.23093508556100992, 0.35640102180525485, 0.3749157620027892, -0.3667021393439076, -0.06158538639706478, 0.5687149204402419, 0.03386034015971048, 0.19993225030468842, 0.7451701945789965, -0.9501476945142167, -0.654629540890455, 1.2722700559129967, -0.21818292581798465, 3.6389678823846867, 0.2496019490890501
-0.6737924739176434, -0.45718396007708406, -0.6327852113378863, -1.659730689189499, -0.47622934872301387, -0.0015239973303473819, 0.4969251848017706, -0.8787363078479761, 0.20806523432291224, 0.10879286420867036, -1.0899318808339762, -0.4897614592275781, -1.2031902916488113, -0.40985286952158045, -1.7598589686953172, -0.2711262914669987
0.4113864161598572, -0.25439615742341476, -0.20553150873291384, -1.1441527776120826, -0.5542846066764587, -0.049505369070882765, 0.439678018542625, -0.7308837682784076, -0.09224333606004059, 0.2721452619270756, -1.162233380011582, -0.9374211455673072, -0.8719050072092793, -0.23211490713139069, -1.523008454899239, -0.3510651839329117
0.6475569184327559, -0.2764341028481943, -0.09038247223623398, -0.6834505121775635, -0.5386964308559494, -0.11529946475613732, 0.34148934601109493, -0.8334418850377036, -0.1003292250969244, -0.45807980637560747, -1.1648112989518624, -0.3659698480399051, 0.21527577735878387, 0.11560247391483261, -0.3024309347432191, -0.2017329981455008
-0.2553498486761816, -0.28693340387224153, -0.0661130617409683, -0.15734936874202346, -0.4719097248861215, -0.1700511742035176, 0.3807723032985935, -0.8907252427644444, -0.1045588296748207, -0.6965746278697127, -1.6617778223583848, 0.5668965087694565, 1.1056818645611295, 0.09872532891739441, 0.8729465044418693, 0.3088901374475136
-0.5318487064777085, -0.2998093259965055, 0.06990152516881662, -0.1391672701035499, -0.45105034427240853, -0.22042124890130585, 0.5091290861570361, -0.8404506610518209, -0.2963372966066735, -0.3312232118932775, -1.5819992929372302, 0.4776012085758168, 0.9374836805716128, 0.05753123574658662, 1.9691048438605268, 0.1690943322755900
-0.517069098494711, -0.12840805454625884, 0.4331151615077993, 0.846936973409432, -0.3789692276063946, -0.20268983169132385, 0.3686325455376988, -0.5763526118040594, -0.1177559257006955, -0.5057753564275694, -2.237448051874443, 0.3404781793084159, 1.0191059422240882, -0.08830868475889891, 2.5066825166980498, 0.658814211784741
-0.6772800097525681, 0.012906657517725137, 0.10475575904812881, 0.9209618118738512, -0.42495364038554134, -0.01894640903821767, 0.37684151596505555, -0.39432901589751657, -0.010458170751368462, -0.014077104150771165, -1.6259880336694905, -0.17586452865905056, 1.0664707555914372, -0.2348792929169245, 1.5910234242116368, 0.4542402777080652
-0.5884916513140035, 0.0449193024377512, 0.6689859329165192, 1.1047020981528892, -0.4220704603892756, 0.1278904021507431, 0.5906887632664257, -0.5076008659971966, -0.003980702799113772, 0.7355750689805306, -0.894624724531332, -0.8042232389116606, 0.787311796675141, -0.099988674756772, 1.1377718094407585, 0.2643439399282822
-0.36155773102210875, -0.42784271106504834, -0.4012828905033807, -1.4496882285515362, -0.47731525055044793, -0.005978573891135537, 0.36420676917077055, -0.7815153595472005, 0.1513308496692288, 0.3918527929309857, -0.7921373909397433, -0.316856300123155, -0.1577428614919498, -0.39858565030680065, -0.8840031380497296, -0.2428063302755395
-0.04546365077653871, -0.3116089250334073, -0.04356790955249006, -1.0836117056158059, -0.5574355296099275, -0.10378634013280813, 0.4650243231891587, -0.5848686042068851, 0.2310448239338474, 0.4904883424049966, 0.1463030052097604, -1.0549691832546817, 0.36353132308145586, -0.15015018102949448, -0.499922929948095, 0.0763067541918617
0.024790063286407836, -0.2825093178849676, 0.11360487770902762, -1.7618770861635198, -0.4946413766616025, -0.11470032067895315, 0.4615218961963212, -0.8240759589890665, 0.013712262526351476, 0.35841118031921965, -0.41375023747983836, -0.32062160615024715, 0.6425812720332865, -0.0355491696084053, 0.5725699050097243, 0.2431528527305991
-0.3849137473357809, -0.26445674805829555, -0.08617926945626353, 0.15293284722881556, -0.5681828145479573, -0.31324040847228163, 0.37336887213316133, -1.2077024986380345, -0.25714234455843266, -0.4123932170074376, -1.20646103552751, -0.12022361227963684, 0.9693583661569851, -0.21177451260975041, 0.7145078195240302, 0.0851357598541857
-0.5624126804204921, -0.15634519656599688, -0.05465378034981952, 0.6620140204160012, -0.3471635365105656, -0.323121123083808, 0.5010360567604618, -1.1226917741112281, -0.3302061443193371, -0.7279858798672462, -1.5602919288281056, 0.01950852143031044, 0.5570541934013142, -0.014715213437552574, 0.7748240824010456, 0.2159675588712754
-0.5647255471893273, -0.09457895851455267, 0.27705818187687015, 0.8986940419437518, -0.2727194154931569, -0.24591003731034639, 0.5938882983004935, -0.9144865159808098, -0.03849023756715872, -0.15907842077321926, -1.9860304377572027, -0.7808570194632971, 0.4879073421374306, 0.006811645461348508, 1.8934958866138742, 0.2029211105980576
-0.716513118764309, -0.032832232739002015, 0.5062906301621514, 0.9098896146112383, -0.2582807074191176, -0.19193876178942418, 0.5910237907615622, -0.6958361884331101, -0.027827766288928173, -0.2040963733042175, -1.8078081571469566, -1.129093234974893, 0.43064276534261264, 0.06067554943778573, 1.1915542174614597, 0.17755581681598
-0.5950027247814462, -0.07125646085827582, 0.6031798613138689, 0.7803358566496642, -0.21270379275781626, 0.0738601875746057, 0.49865076009795956, -0.7715659975350451, 0.2750284203477793, 0.4972348919535027, -0.953267335093296, -1.863823979057406, 0.4505216981780488, -0.16904063475325412, -1.0216710345180295, -0.2692662753025990
-0.40744401433669775, -0.5405419760767688, -0.5765108404485433, -1.139681536123813, -0.5224411852713001, -0.1489180454085984, 0.48686200206887875, -0.44386631432986057, 0.47227816854887206, 0.9124081262380006, 0.25249929248080316, 0.42996121283384486, 0.8613334368711213, -0.12253363672489713, 1.2672686683266767, 0.156199520905385
-0.20037953672048303, -0.40572365021246753, -0.27068203708743366, -0.6773157691283022, -0.5049454704465521, -0.11325003586982128, 0.6000455975431453, -0.29867950815220634, 0.25491913903337493, 0.5434655551872111, 0.04059538371102756, -0.13507992866086604, 0.7729753017754842, -0.1787483395740823, 1.0268205835742739, -0.0562927072531464
-0.434530237129663, -0.40067238825788903, -0.4288662953858522, -0.5122962556066297, -0.43166702808712565, -0.13524535484037334, 0.3831420710773213, -0.6522764547206572, -0.028280003050529762, 0.12062656529760216, -0.36008945855267616, 0.42985319769284563, 0.6597751429785903, -0.18526799465454907, 0.19790407218760625, -0.0437104727962546
-0.5078654580079087, -0.32274625631287235, -0.30645363120076263, -0.15858040551555655, -0.42267361687609706, -0.12414348332288193, 0.31329465388915156, -1.0274643125179757, -0.056167089029442376, -0.1383595889914149, -1.1668463126822808, 1.0319869679898508, 0.47934682892206504, -0.3220257211900552, -0.15984123809333828, 0.286812691576304
-0.5088139654617712, -0.30914036180964105, -0.12539472923929895, 0.16032585781716668, -0.3709559687024648, -0.21026190772372474, 0.37822077979278623, -1.2578343487384023, -0.11330682194258403, -0.043563745430695314, -1.3652218685336701, -0.5150034114866217, 0.055798363635941, -0.2061941872987183, -0.4064732851402446, -0.3271673345387
-0.47129048597596196, -0.08173579483818597, 0.1489985252071772, 0.8092216556822365, -0.3560116396920605, -0.1382636727708589, 0.4553450515567466, -1.1067793498023657, -0.2489639201267671, -0.5590083430710436, -1.7044987821713935, -1.0644791882847935, -0.11352320233160705, -0.014629804841590408, -0.3812866899618781, -0.40040286085823
-0.6659800421061074, -0.25339321909166157, 0.36928473634041425, 1.0097505825914033, -0.3897756356433943, -0.1666479835232564, 0.4288046326895877, -1.1489523728503301, 0.026702877881403287, 0.049554641406097576, -1.074658806666379, -1.1072089653785895, -0.16253872961473634, 0.027632973968087754, -1.2432893555332711, -0.607349734945590
-0.5321644521999, -0.05041546303192052, 0.5074985509429489, 1.1018689693729646, -0.40627239515457814, 0.041256143716349176, 0.4671590293151323, -1.1417463222138151, -0.12409372037901226, -0.5236482427659952, -1.3177788644782367, -1.290647114939002, 0.019554945695580667, -0.13506453238764934, -2.788796320015305, -0.668436455265693
-0.6078623579481209, -0.4866055507445847, -0.17137338993571835, -0.519975258976349, -0.4276925148266264, -0.04919965499868447, 0.5044444233689773, -0.024424117394256116, 0.6083950827107193, 1.5512423540103917, 0.2716118688691207, 0.9333509133872083, 1.082066277901499, -0.10606986435582258, 2.1276918803007523, 0.0732762864749893
-0.5177681738556926, -0.5567175922309743, 0.03925677648796406, -0.6782355681059017, -0.6023864192347945, -0.13944881514821503, 0.5259045873344981, -0.11978329933631622, 0.5068947996277767, 1.5007398640272203, 0.17175429315780255, 0.5614827345172856, 0.9967624902745484, 0.04846238781083315, 1.8905550744328816, 0.3915284143003792
-0.5290913751184416, -0.5285479664162773, -0.10816546360108839, 0.09671852103533872, -0.4934169058719344, -0.15997273056889214, 0.3413946798041242, -0.3628649015363435, 0.378559400116494, 1.1732940749873961, 0.14270006938825913, 1.2306528910925627, 1.007126164065258, -0.010492497787648278, 1.4946693002039744, 0.550188342899722
-1.2193006433681381, -0.336131988706286, -0.37876380466662485, -0.3201773274320238, -0.3702947648355967, -0.20798196893721224, 0.4311792400031016, -0.7031112171027815, -0.2038423672172891, 0.5445213229243561, -0.3088801678469376, 1.526661826196916, 0.5935645906075071, -0.09121106748339423, 0.02025861199668334, -0.04277019552097411
-0.8583659659462878, -0.08848759905436719, -0.16098027919617858, 0.06013182394222254, -0.3775562955271071, -0.15656709031816074, 0.48417484059426646, -0.8357225794023987, -0.06645664495481492, -0.16030971667240929, -1.0313220847769307, 1.742706810579379, 0.33022315134447544, -0.3199429172789918, -0.6390431168235379, -0.0837049806804665
-0.32427731185720304, -0.03291522019523241, 0.19192203620843576, 0.5488231416170919, -0.43328278134711634, -0.27389804715275473, 0.5460363535305404, -0.8994709687490133, -0.21882094849904685, -0.40513305256601073, -1.8498073995024036, 0.9641978510964265, 0.01282269008333818, -0.041633874526891, -0.9780516426092679, -0.357484433938223
-0.626018166576349, 0.023510855516980185, 0.42765675228059524, 0.6881752642373601, -0.30107839216693255, 0.07276020214417003, 0.4464645561359933, -1.0638840628806208, -0.343579158044245, -0.17455844970985998, -1.2921018145943612, 0.01390296028791774, -0.2950605864354909, -0.18696879379445566, -1.8441428240310291, -0.723304791451717
-0.43419613526080714, 0.0012941167111293218, 0.4424142541147005, 0.9152018458393114, -0.29614795036881447, -0.006506777080827091, 0.6185889043175326, -1.051590640991857, -0.11157025278023039, -0.14508569609509897, -0.6699286085517493, -0.15033521841519956, 0.08218368402724623, 0.009985205940777292, -2.304839215473757, -0.74732254888185
-0.8738341094900033, -0.6859861832670754, -0.2262909011837582, -0.7361061730510083, -0.5111759158054033, 0.11506832631984959, 0.4507983842085162, 0.24583524761728046, 0.724305346459663, 2.0487607917716284, 0.8697450352519573, 0.34849203064246653, 1.2018421093793552, -0.09948011741294545, 2.0505119304668114, -0.279744368318299
-0.6475051260902298, -0.7830735474752878, 0.21606953097371492, -0.6252175280721469, -0.4811352206491564, 0.03384073911236607, 0.4035681761935124, 0.24926706139188742, 0.7178077725170361, 1.975565043449403, 1.0478968144295568, 0.589333014416878, 1.3003087261013468, -0.0038793258083921808, 1.553526755150809, 0.300026776020611
-0.6013199310260077, -0.7734744509119199, 0.022523758937655198, -0.0703127642600728, -0.4234562579491201, -0.0777901023514519, 0.44150062109475513, 0.13037941912298776, 0.3441965198524583, 1.343447267236041, 0.815763749578377, 0.7635470981938857, 1.4114330127675014, -0.046067576415483515, 1.7961076929360085, 0.264371174897468
-0.6627711153507819, -0.5588666662861933, -0.126665204880274, 0.06758640026546724, -0.3756779666294596, -0.1966393182337104, 0.4757171689801513, -0.27429472598770244, 0.3211256223106774, 0.9080348871367905, 0.2410252132189536, 1.9093690011701852, 0.8548740807942613, 0.021072678631842697, 0.8718489310615067, 0.343690772399182
-0.19587917683991252, -0.2017526248128769, -0.004326148800633798, 0.0890721641065952, -0.2689979784607879, -0.21508267113399965, 0.5671083574290634, -0.5734171639974304, 0.006754754064519824, 0.38459425551730514, -0.1881330475345955, 1.3670631239745232, 0.4031143011883604, -0.1398009666345032, 0.41436690976252055, -0.05470705154065881
-0.3704576042630684, -0.055185291698828444, 0.13883567651109927, -0.01980221609996472, -0.31569405312591564, 0.04976426729480009, 0.6282342861124663, -0.4601577883636389, -0.06953464715457724, 0.06660695556083805, -0.5345504265758358, 1.7585176371722877, 0.110702040630686, -0.162695575057465, -1.3813392992199245, -0.161812806253768
-0.43840188876886876, -0.18571451274314155, 0.2938094327081191, -0.03613357682184358, -0.3044940046164155, -0.2980843866337706, 0.43326592354804233, -0.5015373043876696, -0.15041525943330591, -0.20625650378741983, -0.6019692920598613, 1.3031910185756173, -0.30940651356339083, 0.0262304815016725, -1.809835272814379, -0.825730606565353
-0.48457376447958295, -0.11506233139526441, 0.36275161622821417, 0.5877562406176513, -0.4154605770944648, -0.17735877419690033, 0.5335537350753865, -0.7467586668501023, -0.27638236017797335, -0.752309184758681, -0.9853337814714453, -0.14449218920072593, -0.12683219130378343, -0.09614900881273375, -2.0552597869708884, -0.88385215086584
-1.128440784881899, -1.086623464298096, -0.14671037540708362, -0.8396561643399904, -0.6723895330166693, 0.19027224640869544, 0.5176090288005752, 0.3570306247717074, 1.2628002437690433, 2.513491668769276, 1.571278941698983, -1.2926575645850922, 1.5193271738593817, -0.16712927552589055, 2.611089951196344, -0.328296385533527
-0.6244119455490384, -1.0488251984791974, 0.13783191996042865, 0.0870818102047875, -0.4461904594477691, 0.08769816305603267, 0.6846429264792627, 0.5298923205013655, 1.1282789369884048, 1.7655543697918965, 1.5417172890924746, -1.52353466263457, 1.7085401445488462, -0.010264528592525626, 1.7036935756264675, -0.2977816245068820
-0.34939275933084074, -0.9999348224363487, -0.13192606691083306, 0.056324818492268745, -0.43163800550582965, -0.045597783077358796, 0.34276030979273503, 0.2614013404201608, 1.0192712470687737, 1.6563003125765912, 1.2153329358005707, -0.4367766569538509, 1.5367260682392676, 0.07962135308133003, 1.7096035323414822, 0.1569747682703072
-0.2854039535641717, -0.8479285248963618, -0.07300822317998307, 0.11353235897718873, -0.4113791328453678, 0.024435956000916942, 0.5295192848449995, 0.09143551152186362, 0.6815090107755265, 1.3744099361170894, 1.0573272763650974, 0.2762075607103157, 1.3029751386525565, -0.06499376741994586, 0.5900886592656406, 0.1288908824399312
-0.1382152678031291, -0.4637897639876977, -0.07684454952937836, 0.522225174865616, -0.48741715141898884, -0.18573053509855064, 0.4575702558475041, -0.08496286253240821, 0.275409567915128, 0.7380178660411689, 0.505002621663825, 1.1800236981432823, 0.636994743896602, -0.020106268665071612, 0.6326772267987795, 0.1840316826804035
-0.31870681129673345, -0.5194129845863402, 0.021102478452089735, -0.08899789632538241, -0.49709446948172187, -0.049406549114462926, 0.2939743988964745, -0.3344032787739382, 0.2683822447740757, 0.23468374796443273, -0.027325767919658853, 0.7016338879577824, 0.04638538283525694, -0.13018896481518127, -0.2528739255538266, -0.680862201554590
0.04057052967144325, -0.5319625345128315, 0.09122977537651866, 0.7789991228609356, -0.4401224522166635, -0.09073606082762464, 0.4288471140372181, -0.20376123068886184, -0.04427750019677501, 0.037884833017360724, -0.5810247205385626, 0.11906140091802181, -0.21474165650830868, -0.06252840833648485, -1.604661391886084, -1.27263822505716
-0.25246717580425715, -0.5109596148595047, 0.05560693822594502, 0.26887664853304627, -0.5935662623397946, 0.12273496920063375, 0.42509577931809245, -0.3886974578436503, -0.03042503102162089, -0.12206879803576308, -0.3377438451678829, 0.6020408640299776, -0.1326078631989586, -0.2971200763223322, -2.2340035970560854, -1.349917886758669